Length:         101 Width:         101
 Boundary conditions:
   100.00000000000000        200.00000000000000     
   300.00000000000000        400.00000000000000     
 Epsilon:    9.9999999999999995E-007
 Iteration:                10000 Error:   5.1664766149261245E-003
 Answer: 
  100.00  101.00  102.00  103.00  104.00  105.00  106.00  107.00  108.00  109.00  110.00  111.00  112.00  113.00  114.00  115.00  116.00  117.00  118.00  119.00  120.00  121.00  122.00  123.00  124.00  125.00  126.00  127.00  128.00  129.00  130.00  131.00  132.00  133.00  134.00  135.00  136.00  137.00  138.00  139.00  140.00  141.00  142.00  143.00  144.00  145.00  146.00  147.00  148.00  149.00  150.00  151.00  152.00  153.00  154.00  155.00  156.00  157.00  158.00  159.00  160.00  161.00  162.00  163.00  164.00  165.00  166.00  167.00  168.00  169.00  170.00  171.00  172.00  173.00  174.00  175.00  176.00  177.00  178.00  179.00  180.00  181.00  182.00  183.00  184.00  185.00  186.00  187.00  188.00  189.00  190.00  191.00  192.00  193.00  194.00  195.00  196.00  197.00  198.00  199.00  200.00
  102.00  103.00  104.00  105.00  106.00  107.00  108.00  109.00  110.00  111.00  112.00  113.00  114.00  115.00  116.00  117.00  118.00  119.00  120.00  121.00  122.00  123.00  124.00  125.00  126.00  127.00  128.00  129.00  130.00  131.00  132.00  133.00  134.00  135.00  136.00  137.00  138.00  139.00  140.00  141.00  142.00  143.00  144.00  145.00  146.00  147.00  148.00  149.00  150.00  151.00  152.00  153.00  154.00  155.00  156.00  157.00  158.00  159.00  160.00  161.00  162.00  163.00  164.00  165.00  166.00  167.00  168.00  169.00  170.00  171.00  172.00  173.00  174.00  175.00  176.00  177.00  178.00  179.00  180.00  181.00  182.00  183.00  184.00  185.00  186.00  187.00  188.00  189.00  190.00  191.00  192.00  193.00  194.00  195.00  196.00  197.00  198.00  199.00  200.00  201.00  202.00
  104.00  105.00  106.00  107.00  108.00  109.00  110.00  111.00  112.00  113.00  114.00  115.00  116.00  117.00  118.00  119.00  120.00  121.00  122.00  123.00  124.00  125.00  126.00  127.00  128.00  129.00  130.00  131.00  132.00  133.00  134.00  135.00  136.00  137.00  138.00  139.00  140.00  141.00  142.00  143.00  144.00  145.00  146.00  147.00  148.00  149.00  150.00  151.00  152.00  153.00  154.00  155.00  156.00  157.00  158.00  159.00  160.00  161.00  162.00  163.00  164.00  165.00  166.00  167.00  168.00  169.00  170.00  171.00  172.00  173.00  174.00  175.00  176.00  177.00  178.00  179.00  180.00  181.00  182.00  183.00  184.00  185.00  186.00  187.00  188.00  189.00  190.00  191.00  192.00  193.00  194.00  195.00  196.00  197.00  198.00  199.00  200.00  201.00  202.00  203.00  204.00
  106.00  107.00  108.00  109.00  110.00  111.00  112.00  113.00  114.00  115.00  116.00  117.00  118.00  119.00  120.00  121.00  122.00  123.00  124.00  125.00  126.00  127.00  128.00  129.00  130.00  131.00  132.00  133.00  134.00  135.00  136.00  137.00  138.00  139.00  140.00  141.00  142.00  143.00  144.00  145.00  146.00  147.00  148.00  149.00  150.00  151.00  152.00  153.00  154.00  155.00  156.00  157.00  158.00  159.00  160.00  161.00  162.00  163.00  164.00  165.00  166.00  167.00  168.00  169.00  170.00  171.00  172.00  173.00  174.00  175.00  176.00  177.00  178.00  179.00  180.00  181.00  182.00  183.00  184.00  185.00  186.00  187.00  188.00  189.00  190.00  191.00  192.00  193.00  194.00  195.00  196.00  197.00  198.00  199.00  200.00  201.00  202.00  203.00  204.00  205.00  206.00
  108.00  109.00  110.00  111.00  112.00  113.00  114.00  115.00  116.00  117.00  118.00  119.00  120.00  121.00  122.00  123.00  124.00  125.00  126.00  127.00  128.00  129.00  130.00  131.00  132.00  133.00  134.00  135.00  136.00  137.00  138.00  139.00  140.00  141.00  142.00  143.00  144.00  145.00  146.00  147.00  148.00  149.00  150.00  151.00  152.00  152.99  153.99  154.99  155.99  156.99  157.99  158.99  159.99  160.99  161.99  162.99  164.00  165.00  166.00  167.00  168.00  169.00  170.00  171.00  172.00  173.00  174.00  175.00  176.00  177.00  178.00  179.00  180.00  181.00  182.00  183.00  184.00  185.00  186.00  187.00  188.00  189.00  190.00  191.00  192.00  193.00  194.00  195.00  196.00  197.00  198.00  199.00  200.00  201.00  202.00  203.00  204.00  205.00  206.00  207.00  208.00
  110.00  111.00  112.00  113.00  114.00  115.00  116.00  117.00  118.00  119.00  120.00  121.00  122.00  123.00  124.00  125.00  126.00  127.00  128.00  129.00  130.00  131.00  132.00  133.00  134.00  135.00  136.00  137.00  138.00  138.99  139.99  140.99  141.99  142.99  143.99  144.99  145.99  146.99  147.99  148.99  149.99  150.99  151.99  152.99  153.99  154.99  155.99  156.99  157.99  158.99  159.99  160.99  161.99  162.99  163.99  164.99  165.99  166.99  167.99  168.99  169.99  170.99  171.99  172.99  173.99  174.99  175.99  176.99  177.99  178.99  179.99  180.99  182.00  183.00  184.00  185.00  186.00  187.00  188.00  189.00  190.00  191.00  192.00  193.00  194.00  195.00  196.00  197.00  198.00  199.00  200.00  201.00  202.00  203.00  204.00  205.00  206.00  207.00  208.00  209.00  210.00
  112.00  113.00  114.00  115.00  116.00  117.00  118.00  119.00  120.00  121.00  122.00  123.00  124.00  125.00  126.00  127.00  128.00  129.00  130.00  131.00  132.00  133.00  134.00  134.99  135.99  136.99  137.99  138.99  139.99  140.99  141.99  142.99  143.99  144.99  145.99  146.99  147.99  148.99  149.99  150.99  151.99  152.99  153.99  154.99  155.99  156.99  157.99  158.99  159.99  160.99  161.99  162.99  163.99  164.99  165.99  166.99  167.99  168.99  169.99  170.99  171.99  172.99  173.99  174.99  175.99  176.99  177.99  178.99  179.99  180.99  181.99  182.99  183.99  184.99  185.99  186.99  187.99  188.99  190.00  191.00  192.00  193.00  194.00  195.00  196.00  197.00  198.00  199.00  200.00  201.00  202.00  203.00  204.00  205.00  206.00  207.00  208.00  209.00  210.00  211.00  212.00
  114.00  115.00  116.00  117.00  118.00  119.00  120.00  121.00  122.00  123.00  124.00  125.00  126.00  127.00  128.00  129.00  130.00  131.00  132.00  133.00  133.99  134.99  135.99  136.99  137.99  138.99  139.99  140.99  141.99  142.99  143.99  144.99  145.99  146.99  147.99  148.99  149.99  150.99  151.99  152.99  153.99  154.99  155.99  156.99  157.99  158.99  159.99  160.99  161.99  162.99  163.99  164.99  165.99  166.99  167.99  168.99  169.99  170.99  171.99  172.99  173.99  174.99  175.99  176.99  177.99  178.99  179.99  180.99  181.99  182.99  183.99  184.99  185.99  186.99  187.99  188.99  189.99  190.99  191.99  192.99  193.99  195.00  196.00  197.00  198.00  199.00  200.00  201.00  202.00  203.00  204.00  205.00  206.00  207.00  208.00  209.00  210.00  211.00  212.00  213.00  214.00
  116.00  117.00  118.00  119.00  120.00  121.00  122.00  123.00  124.00  125.00  126.00  127.00  128.00  129.00  130.00  131.00  132.00  132.99  133.99  134.99  135.99  136.99  137.99  138.99  139.99  140.99  141.99  142.99  143.99  144.99  145.99  146.99  147.99  148.99  149.99  150.99  151.99  152.99  153.99  154.99  155.99  156.99  157.99  158.99  159.99  160.99  161.99  162.99  163.99  164.99  165.99  166.99  167.99  168.99  169.99  170.99  171.99  172.99  173.99  174.99  175.99  176.99  177.99  178.99  179.99  180.99  181.99  182.99  183.99  184.99  185.99  186.99  187.99  188.99  189.99  190.99  191.99  192.99  193.99  194.99  195.99  196.99  197.99  198.99  200.00  201.00  202.00  203.00  204.00  205.00  206.00  207.00  208.00  209.00  210.00  211.00  212.00  213.00  214.00  215.00  216.00
  118.00  119.00  120.00  121.00  122.00  123.00  124.00  125.00  126.00  127.00  128.00  129.00  130.00  131.00  132.00  132.99  133.99  134.99  135.99  136.99  137.99  138.99  139.99  140.99  141.99  142.99  143.99  144.99  145.99  146.99  147.99  148.99  149.99  150.99  151.99  152.99  153.99  154.99  155.99  156.99  157.99  158.99  159.99  160.99  161.99  162.99  163.99  164.99  165.99  166.99  167.99  168.99  169.99  170.99  171.99  172.99  173.99  174.99  175.99  176.99  177.99  178.99  179.99  180.99  181.99  182.99  183.99  184.99  185.99  186.99  187.99  188.99  189.99  190.99  191.99  192.99  193.99  194.99  195.99  196.99  197.99  198.99  199.99  200.99  201.99  202.99  204.00  205.00  206.00  207.00  208.00  209.00  210.00  211.00  212.00  213.00  214.00  215.00  216.00  217.00  218.00
  120.00  121.00  122.00  123.00  124.00  125.00  126.00  127.00  128.00  129.00  130.00  131.00  132.00  133.00  133.99  134.99  135.99  136.99  137.99  138.99  139.99  140.99  141.99  142.99  143.99  144.99  145.99  146.99  147.99  148.99  149.99  150.99  151.99  152.99  153.99  154.99  155.99  156.99  157.99  158.99  159.99  160.99  161.99  162.99  163.99  164.99  165.99  166.99  167.99  168.99  169.99  170.99  171.99  172.99  173.99  174.99  175.99  176.99  177.99  178.99  179.99  180.99  181.99  182.99  183.99  184.99  185.99  186.99  187.99  188.99  189.99  190.99  191.99  192.99  193.99  194.99  195.99  196.99  197.99  198.99  199.99  200.99  201.99  202.99  203.99  204.99  205.99  207.00  208.00  209.00  210.00  211.00  212.00  213.00  214.00  215.00  216.00  217.00  218.00  219.00  220.00
  122.00  123.00  124.00  125.00  126.00  127.00  128.00  129.00  130.00  131.00  132.00  133.00  133.99  134.99  135.99  136.99  137.99  138.99  139.99  140.99  141.99  142.99  143.99  144.99  145.99  146.99  147.99  148.99  149.99  150.99  151.99  152.99  153.99  154.99  155.99  156.99  157.99  158.99  159.99  160.99  161.99  162.99  163.99  164.99  165.99  166.99  167.99  168.99  169.99  170.99  171.99  172.99  173.99  174.99  175.99  176.99  177.99  178.99  179.99  180.99  181.99  182.99  183.99  184.99  185.99  186.99  187.99  188.99  189.99  190.99  191.99  192.99  193.99  194.99  195.99  196.99  197.99  198.99  199.99  200.99  201.99  202.99  203.99  204.99  205.99  206.99  207.99  208.99  209.99  211.00  212.00  213.00  214.00  215.00  216.00  217.00  218.00  219.00  220.00  221.00  222.00
  124.00  125.00  126.00  127.00  128.00  129.00  130.00  131.00  132.00  133.00  134.00  134.99  135.99  136.99  137.99  138.99  139.99  140.99  141.99  142.99  143.99  144.99  145.99  146.99  147.99  148.99  149.99  150.99  151.99  152.99  153.99  154.99  155.99  156.99  157.99  158.99  159.99  160.99  161.99  162.99  163.99  164.99  165.99  166.99  167.99  168.99  169.99  170.99  171.99  172.99  173.99  174.99  175.99  176.99  177.99  178.99  179.99  180.99  181.99  182.99  183.99  184.99  185.99  186.99  187.99  188.99  189.99  190.99  191.99  192.99  193.99  194.99  195.99  196.99  197.99  198.99  199.99  200.99  201.99  202.99  203.99  204.99  205.99  206.99  207.99  208.99  209.99  210.99  211.99  212.99  214.00  215.00  216.00  217.00  218.00  219.00  220.00  221.00  222.00  223.00  224.00
  126.00  127.00  128.00  129.00  130.00  131.00  132.00  133.00  134.00  135.00  136.00  136.99  137.99  138.99  139.99  140.99  141.99  142.99  143.99  144.99  145.99  146.99  147.99  148.99  149.99  150.99  151.99  152.99  153.99  154.99  155.99  156.99  157.99  158.99  159.99  160.99  161.99  162.99  163.99  164.98  165.98  166.98  167.98  168.98  169.98  170.98  171.98  172.98  173.98  174.98  175.98  176.98  177.98  178.98  179.98  180.98  181.98  182.98  183.98  184.98  185.98  186.98  187.99  188.99  189.99  190.99  191.99  192.99  193.99  194.99  195.99  196.99  197.99  198.99  199.99  200.99  201.99  202.99  203.99  204.99  205.99  206.99  207.99  208.99  209.99  210.99  211.99  212.99  213.99  214.99  216.00  217.00  218.00  219.00  220.00  221.00  222.00  223.00  224.00  225.00  226.00
  128.00  129.00  130.00  131.00  132.00  133.00  134.00  135.00  136.00  137.00  137.99  138.99  139.99  140.99  141.99  142.99  143.99  144.99  145.99  146.99  147.99  148.99  149.99  150.99  151.99  152.99  153.99  154.99  155.99  156.99  157.99  158.99  159.99  160.99  161.98  162.98  163.98  164.98  165.98  166.98  167.98  168.98  169.98  170.98  171.98  172.98  173.98  174.98  175.98  176.98  177.98  178.98  179.98  180.98  181.98  182.98  183.98  184.98  185.98  186.98  187.98  188.98  189.98  190.98  191.98  192.98  193.98  194.99  195.99  196.99  197.99  198.99  199.99  200.99  201.99  202.99  203.99  204.99  205.99  206.99  207.99  208.99  209.99  210.99  211.99  212.99  213.99  214.99  215.99  216.99  217.99  219.00  220.00  221.00  222.00  223.00  224.00  225.00  226.00  227.00  228.00
  130.00  131.00  132.00  133.00  134.00  135.00  136.00  137.00  138.00  138.99  139.99  140.99  141.99  142.99  143.99  144.99  145.99  146.99  147.99  148.99  149.99  150.99  151.99  152.99  153.99  154.99  155.99  156.99  157.99  158.99  159.99  160.98  161.98  162.98  163.98  164.98  165.98  166.98  167.98  168.98  169.98  170.98  171.98  172.98  173.98  174.98  175.98  176.98  177.98  178.98  179.98  180.98  181.98  182.98  183.98  184.98  185.98  186.98  187.98  188.98  189.98  190.98  191.98  192.98  193.98  194.98  195.98  196.98  197.98  198.98  199.99  200.99  201.99  202.99  203.99  204.99  205.99  206.99  207.99  208.99  209.99  210.99  211.99  212.99  213.99  214.99  215.99  216.99  217.99  218.99  219.99  220.99  222.00  223.00  224.00  225.00  226.00  227.00  228.00  229.00  230.00
  132.00  133.00  134.00  135.00  136.00  137.00  138.00  139.00  140.00  140.99  141.99  142.99  143.99  144.99  145.99  146.99  147.99  148.99  149.99  150.99  151.99  152.99  153.99  154.99  155.99  156.99  157.99  158.99  159.98  160.98  161.98  162.98  163.98  164.98  165.98  166.98  167.98  168.98  169.98  170.98  171.98  172.98  173.98  174.98  175.98  176.98  177.98  178.98  179.98  180.98  181.98  182.98  183.98  184.98  185.98  186.98  187.98  188.98  189.98  190.98  191.98  192.98  193.98  194.98  195.98  196.98  197.98  198.98  199.98  200.98  201.98  202.98  203.98  204.99  205.99  206.99  207.99  208.99  209.99  210.99  211.99  212.99  213.99  214.99  215.99  216.99  217.99  218.99  219.99  220.99  221.99  222.99  224.00  225.00  226.00  227.00  228.00  229.00  230.00  231.00  232.00
  134.00  135.00  136.00  137.00  138.00  139.00  140.00  141.00  141.99  142.99  143.99  144.99  145.99  146.99  147.99  148.99  149.99  150.99  151.99  152.99  153.99  154.99  155.99  156.99  157.99  158.99  159.98  160.98  161.98  162.98  163.98  164.98  165.98  166.98  167.98  168.98  169.98  170.98  171.98  172.98  173.98  174.98  175.98  176.98  177.98  178.98  179.98  180.98  181.98  182.98  183.98  184.98  185.98  186.98  187.98  188.98  189.98  190.98  191.98  192.98  193.98  194.98  195.98  196.98  197.98  198.98  199.98  200.98  201.98  202.98  203.98  204.98  205.98  206.98  207.98  208.99  209.99  210.99  211.99  212.99  213.99  214.99  215.99  216.99  217.99  218.99  219.99  220.99  221.99  222.99  223.99  224.99  225.99  227.00  228.00  229.00  230.00  231.00  232.00  233.00  234.00
  136.00  137.00  138.00  139.00  140.00  141.00  142.00  143.00  143.99  144.99  145.99  146.99  147.99  148.99  149.99  150.99  151.99  152.99  153.99  154.99  155.99  156.99  157.99  158.99  159.99  160.98  161.98  162.98  163.98  164.98  165.98  166.98  167.98  168.98  169.98  170.98  171.98  172.98  173.98  174.98  175.98  176.98  177.98  178.98  179.98  180.98  181.98  182.98  183.98  184.98  185.98  186.98  187.98  188.98  189.98  190.98  191.98  192.98  193.98  194.98  195.98  196.98  197.98  198.98  199.98  200.98  201.98  202.98  203.98  204.98  205.98  206.98  207.98  208.98  209.98  210.98  211.99  212.99  213.99  214.99  215.99  216.99  217.99  218.99  219.99  220.99  221.99  222.99  223.99  224.99  225.99  226.99  227.99  229.00  230.00  231.00  232.00  233.00  234.00  235.00  236.00
  138.00  139.00  140.00  141.00  142.00  143.00  144.00  145.00  145.99  146.99  147.99  148.99  149.99  150.99  151.99  152.99  153.99  154.99  155.99  156.99  157.99  158.99  159.99  160.98  161.98  162.98  163.98  164.98  165.98  166.98  167.98  168.98  169.98  170.98  171.98  172.98  173.98  174.98  175.98  176.98  177.98  178.98  179.98  180.98  181.98  182.98  183.98  184.98  185.98  186.98  187.98  188.98  189.98  190.98  191.98  192.98  193.98  194.98  195.98  196.98  197.98  198.98  199.98  200.98  201.98  202.98  203.98  204.98  205.98  206.98  207.98  208.98  209.98  210.98  211.98  212.98  213.98  214.98  215.99  216.99  217.99  218.99  219.99  220.99  221.99  222.99  223.99  224.99  225.99  226.99  227.99  228.99  229.99  231.00  232.00  233.00  234.00  235.00  236.00  237.00  238.00
  140.00  141.00  142.00  143.00  144.00  145.00  146.00  146.99  147.99  148.99  149.99  150.99  151.99  152.99  153.99  154.99  155.99  156.99  157.99  158.99  159.99  160.99  161.98  162.98  163.98  164.98  165.98  166.98  167.98  168.98  169.98  170.98  171.98  172.98  173.98  174.98  175.98  176.98  177.98  178.98  179.98  180.98  181.98  182.98  183.98  184.98  185.98  186.98  187.98  188.98  189.98  190.98  191.98  192.98  193.98  194.98  195.98  196.98  197.98  198.98  199.98  200.98  201.98  202.98  203.98  204.98  205.98  206.98  207.98  208.98  209.98  210.98  211.98  212.98  213.98  214.98  215.98  216.98  217.98  218.99  219.99  220.99  221.99  222.99  223.99  224.99  225.99  226.99  227.99  228.99  229.99  230.99  231.99  232.99  234.00  235.00  236.00  237.00  238.00  239.00  240.00
  142.00  143.00  144.00  145.00  146.00  147.00  148.00  148.99  149.99  150.99  151.99  152.99  153.99  154.99  155.99  156.99  157.99  158.99  159.99  160.99  161.99  162.98  163.98  164.98  165.98  166.98  167.98  168.98  169.98  170.98  171.98  172.98  173.98  174.98  175.98  176.98  177.98  178.98  179.98  180.98  181.98  182.98  183.98  184.98  185.98  186.98  187.98  188.98  189.98  190.98  191.98  192.98  193.98  194.98  195.98  196.98  197.98  198.98  199.98  200.98  201.98  202.98  203.98  204.98  205.98  206.98  207.98  208.98  209.98  210.98  211.98  212.98  213.98  214.98  215.98  216.98  217.98  218.98  219.98  220.98  221.99  222.99  223.99  224.99  225.99  226.99  227.99  228.99  229.99  230.99  231.99  232.99  233.99  234.99  236.00  237.00  238.00  239.00  240.00  241.00  242.00
  144.00  145.00  146.00  147.00  148.00  149.00  150.00  150.99  151.99  152.99  153.99  154.99  155.99  156.99  157.99  158.99  159.99  160.99  161.99  162.99  163.98  164.98  165.98  166.98  167.98  168.98  169.98  170.98  171.98  172.98  173.98  174.98  175.98  176.98  177.98  178.98  179.98  180.98  181.98  182.98  183.98  184.98  185.97  186.97  187.97  188.97  189.97  190.97  191.97  192.97  193.97  194.97  195.97  196.97  197.97  198.97  199.97  200.97  201.97  202.98  203.98  204.98  205.98  206.98  207.98  208.98  209.98  210.98  211.98  212.98  213.98  214.98  215.98  216.98  217.98  218.98  219.98  220.98  221.98  222.98  223.98  224.99  225.99  226.99  227.99  228.99  229.99  230.99  231.99  232.99  233.99  234.99  235.99  236.99  238.00  239.00  240.00  241.00  242.00  243.00  244.00
  146.00  147.00  148.00  149.00  150.00  151.00  151.99  152.99  153.99  154.99  155.99  156.99  157.99  158.99  159.99  160.99  161.99  162.99  163.99  164.98  165.98  166.98  167.98  168.98  169.98  170.98  171.98  172.98  173.98  174.98  175.98  176.98  177.98  178.98  179.98  180.98  181.98  182.98  183.98  184.97  185.97  186.97  187.97  188.97  189.97  190.97  191.97  192.97  193.97  194.97  195.97  196.97  197.97  198.97  199.97  200.97  201.97  202.97  203.97  204.97  205.97  206.97  207.98  208.98  209.98  210.98  211.98  212.98  213.98  214.98  215.98  216.98  217.98  218.98  219.98  220.98  221.98  222.98  223.98  224.98  225.98  226.98  227.99  228.99  229.99  230.99  231.99  232.99  233.99  234.99  235.99  236.99  237.99  238.99  239.99  241.00  242.00  243.00  244.00  245.00  246.00
  148.00  149.00  150.00  151.00  152.00  153.00  153.99  154.99  155.99  156.99  157.99  158.99  159.99  160.99  161.99  162.99  163.99  164.99  165.99  166.98  167.98  168.98  169.98  170.98  171.98  172.98  173.98  174.98  175.98  176.98  177.98  178.98  179.98  180.98  181.98  182.98  183.97  184.97  185.97  186.97  187.97  188.97  189.97  190.97  191.97  192.97  193.97  194.97  195.97  196.97  197.97  198.97  199.97  200.97  201.97  202.97  203.97  204.97  205.97  206.97  207.97  208.97  209.97  210.97  211.97  212.98  213.98  214.98  215.98  216.98  217.98  218.98  219.98  220.98  221.98  222.98  223.98  224.98  225.98  226.98  227.98  228.98  229.99  230.99  231.99  232.99  233.99  234.99  235.99  236.99  237.99  238.99  239.99  240.99  241.99  243.00  244.00  245.00  246.00  247.00  248.00
  150.00  151.00  152.00  153.00  154.00  155.00  155.99  156.99  157.99  158.99  159.99  160.99  161.99  162.99  163.99  164.99  165.99  166.99  167.98  168.98  169.98  170.98  171.98  172.98  173.98  174.98  175.98  176.98  177.98  178.98  179.98  180.98  181.98  182.98  183.97  184.97  185.97  186.97  187.97  188.97  189.97  190.97  191.97  192.97  193.97  194.97  195.97  196.97  197.97  198.97  199.97  200.97  201.97  202.97  203.97  204.97  205.97  206.97  207.97  208.97  209.97  210.97  211.97  212.97  213.97  214.97  215.97  216.98  217.98  218.98  219.98  220.98  221.98  222.98  223.98  224.98  225.98  226.98  227.98  228.98  229.98  230.98  231.98  232.99  233.99  234.99  235.99  236.99  237.99  238.99  239.99  240.99  241.99  242.99  243.99  245.00  246.00  247.00  248.00  249.00  250.00
  152.00  153.00  154.00  155.00  156.00  157.00  157.99  158.99  159.99  160.99  161.99  162.99  163.99  164.99  165.99  166.99  167.99  168.98  169.98  170.98  171.98  172.98  173.98  174.98  175.98  176.98  177.98  178.98  179.98  180.98  181.98  182.98  183.98  184.97  185.97  186.97  187.97  188.97  189.97  190.97  191.97  192.97  193.97  194.97  195.97  196.97  197.97  198.97  199.97  200.97  201.97  202.97  203.97  204.97  205.97  206.97  207.97  208.97  209.97  210.97  211.97  212.97  213.97  214.97  215.97  216.97  217.97  218.97  219.98  220.98  221.98  222.98  223.98  224.98  225.98  226.98  227.98  228.98  229.98  230.98  231.98  232.98  233.98  234.98  235.99  236.99  237.99  238.99  239.99  240.99  241.99  242.99  243.99  244.99  245.99  247.00  248.00  249.00  250.00  251.00  252.00
  154.00  155.00  156.00  157.00  158.00  159.00  159.99  160.99  161.99  162.99  163.99  164.99  165.99  166.99  167.99  168.99  169.99  170.98  171.98  172.98  173.98  174.98  175.98  176.98  177.98  178.98  179.98  180.98  181.98  182.98  183.98  184.97  185.97  186.97  187.97  188.97  189.97  190.97  191.97  192.97  193.97  194.97  195.97  196.97  197.97  198.97  199.97  200.97  201.97  202.97  203.97  204.97  205.97  206.97  207.97  208.97  209.97  210.97  211.97  212.97  213.97  214.97  215.97  216.97  217.97  218.97  219.97  220.97  221.97  222.97  223.98  224.98  225.98  226.98  227.98  228.98  229.98  230.98  231.98  232.98  233.98  234.98  235.98  236.98  237.99  238.99  239.99  240.99  241.99  242.99  243.99  244.99  245.99  246.99  247.99  249.00  250.00  251.00  252.00  253.00  254.00
  156.00  157.00  158.00  159.00  160.00  161.00  161.99  162.99  163.99  164.99  165.99  166.99  167.99  168.99  169.99  170.99  171.98  172.98  173.98  174.98  175.98  176.98  177.98  178.98  179.98  180.98  181.98  182.98  183.98  184.98  185.97  186.97  187.97  188.97  189.97  190.97  191.97  192.97  193.97  194.97  195.97  196.97  197.97  198.97  199.97  200.97  201.97  202.97  203.97  204.97  205.97  206.97  207.97  208.97  209.97  210.97  211.97  212.97  213.97  214.97  215.97  216.97  217.97  218.97  219.97  220.97  221.97  222.97  223.97  224.97  225.97  226.98  227.98  228.98  229.98  230.98  231.98  232.98  233.98  234.98  235.98  236.98  237.98  238.98  239.98  240.99  241.99  242.99  243.99  244.99  245.99  246.99  247.99  248.99  249.99  251.00  252.00  253.00  254.00  255.00  256.00
  158.00  159.00  160.00  161.00  162.00  162.99  163.99  164.99  165.99  166.99  167.99  168.99  169.99  170.99  171.99  172.99  173.98  174.98  175.98  176.98  177.98  178.98  179.98  180.98  181.98  182.98  183.98  184.98  185.98  186.97  187.97  188.97  189.97  190.97  191.97  192.97  193.97  194.97  195.97  196.97  197.97  198.97  199.97  200.97  201.97  202.97  203.97  204.97  205.97  206.97  207.97  208.97  209.97  210.97  211.97  212.97  213.97  214.97  215.97  216.97  217.97  218.97  219.97  220.97  221.97  222.97  223.97  224.97  225.97  226.97  227.97  228.97  229.98  230.98  231.98  232.98  233.98  234.98  235.98  236.98  237.98  238.98  239.98  240.98  241.98  242.99  243.99  244.99  245.99  246.99  247.99  248.99  249.99  250.99  251.99  252.99  254.00  255.00  256.00  257.00  258.00
  160.00  161.00  162.00  163.00  164.00  164.99  165.99  166.99  167.99  168.99  169.99  170.99  171.99  172.99  173.99  174.99  175.98  176.98  177.98  178.98  179.98  180.98  181.98  182.98  183.98  184.98  185.98  186.98  187.97  188.97  189.97  190.97  191.97  192.97  193.97  194.97  195.97  196.97  197.97  198.97  199.97  200.97  201.97  202.97  203.97  204.97  205.97  206.97  207.97  208.97  209.97  210.97  211.97  212.97  213.97  214.97  215.97  216.97  217.97  218.97  219.97  220.97  221.97  222.97  223.97  224.97  225.97  226.97  227.97  228.97  229.97  230.97  231.97  232.98  233.98  234.98  235.98  236.98  237.98  238.98  239.98  240.98  241.98  242.98  243.98  244.99  245.99  246.99  247.99  248.99  249.99  250.99  251.99  252.99  253.99  254.99  256.00  257.00  258.00  259.00  260.00
  162.00  163.00  164.00  165.00  166.00  166.99  167.99  168.99  169.99  170.99  171.99  172.99  173.99  174.99  175.99  176.98  177.98  178.98  179.98  180.98  181.98  182.98  183.98  184.98  185.98  186.98  187.98  188.97  189.97  190.97  191.97  192.97  193.97  194.97  195.97  196.97  197.97  198.97  199.97  200.97  201.97  202.97  203.97  204.97  205.97  206.97  207.97  208.97  209.97  210.97  211.97  212.97  213.97  214.97  215.97  216.97  217.97  218.97  219.97  220.97  221.97  222.97  223.97  224.97  225.97  226.97  227.97  228.97  229.97  230.97  231.97  232.97  233.97  234.97  235.98  236.98  237.98  238.98  239.98  240.98  241.98  242.98  243.98  244.98  245.98  246.98  247.99  248.99  249.99  250.99  251.99  252.99  253.99  254.99  255.99  256.99  258.00  259.00  260.00  261.00  262.00
  164.00  165.00  166.00  167.00  168.00  168.99  169.99  170.99  171.99  172.99  173.99  174.99  175.99  176.99  177.99  178.98  179.98  180.98  181.98  182.98  183.98  184.98  185.98  186.98  187.98  188.98  189.98  190.97  191.97  192.97  193.97  194.97  195.97  196.97  197.97  198.97  199.97  200.97  201.97  202.97  203.97  204.97  205.97  206.97  207.97  208.97  209.97  210.97  211.97  212.97  213.97  214.97  215.97  216.97  217.97  218.97  219.97  220.97  221.97  222.97  223.97  224.97  225.97  226.97  227.97  228.97  229.97  230.97  231.97  232.97  233.97  234.97  235.97  236.97  237.98  238.98  239.98  240.98  241.98  242.98  243.98  244.98  245.98  246.98  247.98  248.98  249.99  250.99  251.99  252.99  253.99  254.99  255.99  256.99  257.99  258.99  260.00  261.00  262.00  263.00  264.00
  166.00  167.00  168.00  169.00  170.00  170.99  171.99  172.99  173.99  174.99  175.99  176.99  177.99  178.99  179.99  180.98  181.98  182.98  183.98  184.98  185.98  186.98  187.98  188.98  189.98  190.98  191.97  192.97  193.97  194.97  195.97  196.97  197.97  198.97  199.97  200.97  201.97  202.97  203.97  204.97  205.97  206.97  207.97  208.97  209.97  210.97  211.97  212.97  213.97  214.97  215.97  216.97  217.97  218.97  219.97  220.97  221.97  222.97  223.97  224.97  225.97  226.97  227.97  228.97  229.97  230.97  231.97  232.97  233.97  234.97  235.97  236.97  237.97  238.97  239.97  240.98  241.98  242.98  243.98  244.98  245.98  246.98  247.98  248.98  249.98  250.98  251.99  252.99  253.99  254.99  255.99  256.99  257.99  258.99  259.99  260.99  262.00  263.00  264.00  265.00  266.00
  168.00  169.00  170.00  171.00  172.00  172.99  173.99  174.99  175.99  176.99  177.99  178.99  179.99  180.99  181.98  182.98  183.98  184.98  185.98  186.98  187.98  188.98  189.98  190.98  191.98  192.97  193.97  194.97  195.97  196.97  197.97  198.97  199.97  200.97  201.97  202.97  203.97  204.97  205.97  206.97  207.97  208.97  209.97  210.97  211.97  212.96  213.96  214.96  215.96  216.96  217.96  218.96  219.96  220.96  221.96  222.96  223.97  224.97  225.97  226.97  227.97  228.97  229.97  230.97  231.97  232.97  233.97  234.97  235.97  236.97  237.97  238.97  239.97  240.97  241.97  242.97  243.98  244.98  245.98  246.98  247.98  248.98  249.98  250.98  251.98  252.98  253.98  254.99  255.99  256.99  257.99  258.99  259.99  260.99  261.99  262.99  264.00  265.00  266.00  267.00  268.00
  170.00  171.00  172.00  173.00  174.00  174.99  175.99  176.99  177.99  178.99  179.99  180.99  181.99  182.99  183.98  184.98  185.98  186.98  187.98  188.98  189.98  190.98  191.98  192.98  193.98  194.97  195.97  196.97  197.97  198.97  199.97  200.97  201.97  202.97  203.97  204.97  205.97  206.97  207.97  208.97  209.97  210.97  211.97  212.96  213.96  214.96  215.96  216.96  217.96  218.96  219.96  220.96  221.96  222.96  223.96  224.96  225.96  226.96  227.97  228.97  229.97  230.97  231.97  232.97  233.97  234.97  235.97  236.97  237.97  238.97  239.97  240.97  241.97  242.97  243.97  244.97  245.98  246.98  247.98  248.98  249.98  250.98  251.98  252.98  253.98  254.98  255.98  256.99  257.99  258.99  259.99  260.99  261.99  262.99  263.99  264.99  266.00  267.00  268.00  269.00  270.00
  172.00  173.00  174.00  175.00  176.00  176.99  177.99  178.99  179.99  180.99  181.99  182.99  183.99  184.99  185.98  186.98  187.98  188.98  189.98  190.98  191.98  192.98  193.98  194.98  195.97  196.97  197.97  198.97  199.97  200.97  201.97  202.97  203.97  204.97  205.97  206.97  207.97  208.97  209.97  210.97  211.97  212.96  213.96  214.96  215.96  216.96  217.96  218.96  219.96  220.96  221.96  222.96  223.96  224.96  225.96  226.96  227.96  228.96  229.96  230.96  231.97  232.97  233.97  234.97  235.97  236.97  237.97  238.97  239.97  240.97  241.97  242.97  243.97  244.97  245.97  246.97  247.97  248.98  249.98  250.98  251.98  252.98  253.98  254.98  255.98  256.98  257.98  258.99  259.99  260.99  261.99  262.99  263.99  264.99  265.99  266.99  268.00  269.00  270.00  271.00  272.00
  174.00  175.00  176.00  177.00  178.00  178.99  179.99  180.99  181.99  182.99  183.99  184.99  185.99  186.99  187.98  188.98  189.98  190.98  191.98  192.98  193.98  194.98  195.98  196.98  197.97  198.97  199.97  200.97  201.97  202.97  203.97  204.97  205.97  206.97  207.97  208.97  209.97  210.97  211.97  212.97  213.96  214.96  215.96  216.96  217.96  218.96  219.96  220.96  221.96  222.96  223.96  224.96  225.96  226.96  227.96  228.96  229.96  230.96  231.96  232.96  233.96  234.97  235.97  236.97  237.97  238.97  239.97  240.97  241.97  242.97  243.97  244.97  245.97  246.97  247.97  248.97  249.97  250.98  251.98  252.98  253.98  254.98  255.98  256.98  257.98  258.98  259.98  260.99  261.99  262.99  263.99  264.99  265.99  266.99  267.99  268.99  270.00  271.00  272.00  273.00  274.00
  176.00  177.00  178.00  179.00  180.00  180.99  181.99  182.99  183.99  184.99  185.99  186.99  187.99  188.99  189.98  190.98  191.98  192.98  193.98  194.98  195.98  196.98  197.98  198.98  199.97  200.97  201.97  202.97  203.97  204.97  205.97  206.97  207.97  208.97  209.97  210.97  211.97  212.97  213.96  214.96  215.96  216.96  217.96  218.96  219.96  220.96  221.96  222.96  223.96  224.96  225.96  226.96  227.96  228.96  229.96  230.96  231.96  232.96  233.96  234.96  235.96  236.96  237.96  238.97  239.97  240.97  241.97  242.97  243.97  244.97  245.97  246.97  247.97  248.97  249.97  250.97  251.97  252.98  253.98  254.98  255.98  256.98  257.98  258.98  259.98  260.98  261.98  262.99  263.99  264.99  265.99  266.99  267.99  268.99  269.99  270.99  272.00  273.00  274.00  275.00  276.00
  178.00  179.00  180.00  181.00  182.00  182.99  183.99  184.99  185.99  186.99  187.99  188.99  189.99  190.98  191.98  192.98  193.98  194.98  195.98  196.98  197.98  198.98  199.98  200.97  201.97  202.97  203.97  204.97  205.97  206.97  207.97  208.97  209.97  210.97  211.97  212.97  213.97  214.97  215.96  216.96  217.96  218.96  219.96  220.96  221.96  222.96  223.96  224.96  225.96  226.96  227.96  228.96  229.96  230.96  231.96  232.96  233.96  234.96  235.96  236.96  237.96  238.96  239.96  240.97  241.97  242.97  243.97  244.97  245.97  246.97  247.97  248.97  249.97  250.97  251.97  252.97  253.97  254.97  255.98  256.98  257.98  258.98  259.98  260.98  261.98  262.98  263.98  264.98  265.99  266.99  267.99  268.99  269.99  270.99  271.99  272.99  274.00  275.00  276.00  277.00  278.00
  180.00  181.00  182.00  183.00  184.00  184.99  185.99  186.99  187.99  188.99  189.99  190.99  191.99  192.98  193.98  194.98  195.98  196.98  197.98  198.98  199.98  200.98  201.98  202.97  203.97  204.97  205.97  206.97  207.97  208.97  209.97  210.97  211.97  212.97  213.97  214.97  215.97  216.96  217.96  218.96  219.96  220.96  221.96  222.96  223.96  224.96  225.96  226.96  227.96  228.96  229.96  230.96  231.96  232.96  233.96  234.96  235.96  236.96  237.96  238.96  239.96  240.96  241.96  242.96  243.97  244.97  245.97  246.97  247.97  248.97  249.97  250.97  251.97  252.97  253.97  254.97  255.97  256.97  257.98  258.98  259.98  260.98  261.98  262.98  263.98  264.98  265.98  266.98  267.99  268.99  269.99  270.99  271.99  272.99  273.99  274.99  276.00  277.00  278.00  279.00  280.00
  182.00  183.00  184.00  185.00  186.00  186.99  187.99  188.99  189.99  190.99  191.99  192.99  193.99  194.98  195.98  196.98  197.98  198.98  199.98  200.98  201.98  202.98  203.98  204.97  205.97  206.97  207.97  208.97  209.97  210.97  211.97  212.97  213.97  214.97  215.97  216.97  217.96  218.96  219.96  220.96  221.96  222.96  223.96  224.96  225.96  226.96  227.96  228.96  229.96  230.96  231.96  232.96  233.96  234.96  235.96  236.96  237.96  238.96  239.96  240.96  241.96  242.96  243.96  244.96  245.96  246.97  247.97  248.97  249.97  250.97  251.97  252.97  253.97  254.97  255.97  256.97  257.97  258.97  259.98  260.98  261.98  262.98  263.98  264.98  265.98  266.98  267.98  268.98  269.99  270.99  271.99  272.99  273.99  274.99  275.99  276.99  278.00  279.00  280.00  281.00  282.00
  184.00  185.00  186.00  187.00  188.00  188.99  189.99  190.99  191.99  192.99  193.99  194.99  195.99  196.98  197.98  198.98  199.98  200.98  201.98  202.98  203.98  204.98  205.97  206.97  207.97  208.97  209.97  210.97  211.97  212.97  213.97  214.97  215.97  216.97  217.97  218.97  219.96  220.96  221.96  222.96  223.96  224.96  225.96  226.96  227.96  228.96  229.96  230.96  231.96  232.96  233.96  234.96  235.96  236.96  237.96  238.96  239.96  240.96  241.96  242.96  243.96  244.96  245.96  246.96  247.96  248.97  249.97  250.97  251.97  252.97  253.97  254.97  255.97  256.97  257.97  258.97  259.97  260.97  261.97  262.98  263.98  264.98  265.98  266.98  267.98  268.98  269.98  270.98  271.99  272.99  273.99  274.99  275.99  276.99  277.99  278.99  280.00  281.00  282.00  283.00  284.00
  186.00  187.00  188.00  189.00  190.00  190.99  191.99  192.99  193.99  194.99  195.99  196.99  197.99  198.98  199.98  200.98  201.98  202.98  203.98  204.98  205.98  206.98  207.97  208.97  209.97  210.97  211.97  212.97  213.97  214.97  215.97  216.97  217.97  218.97  219.97  220.96  221.96  222.96  223.96  224.96  225.96  226.96  227.96  228.96  229.96  230.96  231.96  232.96  233.96  234.96  235.96  236.96  237.96  238.96  239.96  240.96  241.96  242.96  243.96  244.96  245.96  246.96  247.96  248.96  249.96  250.96  251.97  252.97  253.97  254.97  255.97  256.97  257.97  258.97  259.97  260.97  261.97  262.97  263.97  264.98  265.98  266.98  267.98  268.98  269.98  270.98  271.98  272.98  273.99  274.99  275.99  276.99  277.99  278.99  279.99  280.99  282.00  283.00  284.00  285.00  286.00
  188.00  189.00  190.00  191.00  192.00  192.99  193.99  194.99  195.99  196.99  197.99  198.99  199.99  200.98  201.98  202.98  203.98  204.98  205.98  206.98  207.98  208.98  209.97  210.97  211.97  212.97  213.97  214.97  215.97  216.97  217.97  218.97  219.97  220.97  221.97  222.96  223.96  224.96  225.96  226.96  227.96  228.96  229.96  230.96  231.96  232.96  233.96  234.96  235.96  236.96  237.96  238.96  239.96  240.96  241.96  242.96  243.96  244.96  245.96  246.96  247.96  248.96  249.96  250.96  251.96  252.96  253.97  254.97  255.97  256.97  257.97  258.97  259.97  260.97  261.97  262.97  263.97  264.97  265.97  266.98  267.98  268.98  269.98  270.98  271.98  272.98  273.98  274.98  275.99  276.99  277.99  278.99  279.99  280.99  281.99  282.99  284.00  285.00  286.00  287.00  288.00
  190.00  191.00  192.00  193.00  193.99  194.99  195.99  196.99  197.99  198.99  199.99  200.99  201.99  202.98  203.98  204.98  205.98  206.98  207.98  208.98  209.98  210.98  211.97  212.97  213.97  214.97  215.97  216.97  217.97  218.97  219.97  220.97  221.97  222.97  223.96  224.96  225.96  226.96  227.96  228.96  229.96  230.96  231.96  232.96  233.96  234.96  235.96  236.96  237.96  238.96  239.96  240.96  241.96  242.96  243.96  244.96  245.96  246.96  247.96  248.96  249.96  250.96  251.96  252.96  253.96  254.96  255.96  256.97  257.97  258.97  259.97  260.97  261.97  262.97  263.97  264.97  265.97  266.97  267.97  268.98  269.98  270.98  271.98  272.98  273.98  274.98  275.98  276.98  277.99  278.99  279.99  280.99  281.99  282.99  283.99  284.99  285.99  287.00  288.00  289.00  290.00
  192.00  193.00  194.00  195.00  195.99  196.99  197.99  198.99  199.99  200.99  201.99  202.99  203.99  204.98  205.98  206.98  207.98  208.98  209.98  210.98  211.98  212.98  213.97  214.97  215.97  216.97  217.97  218.97  219.97  220.97  221.97  222.97  223.97  224.97  225.96  226.96  227.96  228.96  229.96  230.96  231.96  232.96  233.96  234.96  235.96  236.96  237.96  238.96  239.96  240.96  241.96  242.96  243.96  244.96  245.96  246.96  247.96  248.96  249.96  250.96  251.96  252.96  253.96  254.96  255.96  256.96  257.96  258.97  259.97  260.97  261.97  262.97  263.97  264.97  265.97  266.97  267.97  268.97  269.97  270.98  271.98  272.98  273.98  274.98  275.98  276.98  277.98  278.98  279.99  280.99  281.99  282.99  283.99  284.99  285.99  286.99  287.99  289.00  290.00  291.00  292.00
  194.00  195.00  196.00  197.00  197.99  198.99  199.99  200.99  201.99  202.99  203.99  204.99  205.99  206.98  207.98  208.98  209.98  210.98  211.98  212.98  213.98  214.98  215.97  216.97  217.97  218.97  219.97  220.97  221.97  222.97  223.97  224.97  225.97  226.97  227.96  228.96  229.96  230.96  231.96  232.96  233.96  234.96  235.96  236.96  237.96  238.96  239.96  240.96  241.96  242.96  243.96  244.96  245.96  246.96  247.96  248.96  249.96  250.96  251.96  252.96  253.96  254.96  255.96  256.96  257.96  258.96  259.96  260.97  261.97  262.97  263.97  264.97  265.97  266.97  267.97  268.97  269.97  270.97  271.97  272.98  273.98  274.98  275.98  276.98  277.98  278.98  279.98  280.98  281.99  282.99  283.99  284.99  285.99  286.99  287.99  288.99  289.99  291.00  292.00  293.00  294.00
  196.00  197.00  198.00  199.00  199.99  200.99  201.99  202.99  203.99  204.99  205.99  206.99  207.99  208.98  209.98  210.98  211.98  212.98  213.98  214.98  215.98  216.98  217.97  218.97  219.97  220.97  221.97  222.97  223.97  224.97  225.97  226.97  227.97  228.97  229.96  230.96  231.96  232.96  233.96  234.96  235.96  236.96  237.96  238.96  239.96  240.96  241.96  242.96  243.96  244.96  245.96  246.96  247.96  248.96  249.96  250.96  251.96  252.96  253.96  254.96  255.96  256.96  257.96  258.96  259.96  260.96  261.96  262.97  263.97  264.97  265.97  266.97  267.97  268.97  269.97  270.97  271.97  272.97  273.97  274.98  275.98  276.98  277.98  278.98  279.98  280.98  281.98  282.98  283.99  284.99  285.99  286.99  287.99  288.99  289.99  290.99  291.99  293.00  294.00  295.00  296.00
  198.00  199.00  200.00  201.00  201.99  202.99  203.99  204.99  205.99  206.99  207.99  208.99  209.99  210.98  211.98  212.98  213.98  214.98  215.98  216.98  217.98  218.98  219.97  220.97  221.97  222.97  223.97  224.97  225.97  226.97  227.97  228.97  229.97  230.97  231.96  232.96  233.96  234.96  235.96  236.96  237.96  238.96  239.96  240.96  241.96  242.96  243.96  244.96  245.96  246.96  247.96  248.96  249.96  250.96  251.96  252.96  253.96  254.96  255.96  256.96  257.96  258.96  259.96  260.96  261.96  262.96  263.96  264.97  265.97  266.97  267.97  268.97  269.97  270.97  271.97  272.97  273.97  274.97  275.97  276.98  277.98  278.98  279.98  280.98  281.98  282.98  283.98  284.98  285.99  286.99  287.99  288.99  289.99  290.99  291.99  292.99  293.99  295.00  296.00  297.00  298.00
  200.00  201.00  202.00  203.00  203.99  204.99  205.99  206.99  207.99  208.99  209.99  210.99  211.99  212.98  213.98  214.98  215.98  216.98  217.98  218.98  219.98  220.98  221.97  222.97  223.97  224.97  225.97  226.97  227.97  228.97  229.97  230.97  231.97  232.97  233.96  234.96  235.96  236.96  237.96  238.96  239.96  240.96  241.96  242.96  243.96  244.96  245.96  246.96  247.96  248.96  249.96  250.96  251.96  252.96  253.96  254.96  255.96  256.96  257.96  258.96  259.96  260.96  261.96  262.96  263.96  264.96  265.96  266.97  267.97  268.97  269.97  270.97  271.97  272.97  273.97  274.97  275.97  276.97  277.97  278.98  279.98  280.98  281.98  282.98  283.98  284.98  285.98  286.98  287.99  288.99  289.99  290.99  291.99  292.99  293.99  294.99  295.99  297.00  298.00  299.00  300.00
  202.00  203.00  204.00  205.00  205.99  206.99  207.99  208.99  209.99  210.99  211.99  212.99  213.99  214.98  215.98  216.98  217.98  218.98  219.98  220.98  221.98  222.98  223.97  224.97  225.97  226.97  227.97  228.97  229.97  230.97  231.97  232.97  233.97  234.97  235.96  236.96  237.96  238.96  239.96  240.96  241.96  242.96  243.96  244.96  245.96  246.96  247.96  248.96  249.96  250.96  251.96  252.96  253.96  254.96  255.96  256.96  257.96  258.96  259.96  260.96  261.96  262.96  263.96  264.96  265.96  266.96  267.96  268.97  269.97  270.97  271.97  272.97  273.97  274.97  275.97  276.97  277.97  278.97  279.97  280.98  281.98  282.98  283.98  284.98  285.98  286.98  287.98  288.98  289.99  290.99  291.99  292.99  293.99  294.99  295.99  296.99  297.99  299.00  300.00  301.00  302.00
  204.00  205.00  206.00  207.00  207.99  208.99  209.99  210.99  211.99  212.99  213.99  214.99  215.99  216.98  217.98  218.98  219.98  220.98  221.98  222.98  223.98  224.98  225.97  226.97  227.97  228.97  229.97  230.97  231.97  232.97  233.97  234.97  235.97  236.97  237.96  238.96  239.96  240.96  241.96  242.96  243.96  244.96  245.96  246.96  247.96  248.96  249.96  250.96  251.96  252.96  253.96  254.96  255.96  256.96  257.96  258.96  259.96  260.96  261.96  262.96  263.96  264.96  265.96  266.96  267.96  268.96  269.96  270.97  271.97  272.97  273.97  274.97  275.97  276.97  277.97  278.97  279.97  280.97  281.97  282.98  283.98  284.98  285.98  286.98  287.98  288.98  289.98  290.98  291.99  292.99  293.99  294.99  295.99  296.99  297.99  298.99  299.99  301.00  302.00  303.00  304.00
  206.00  207.00  208.00  209.00  209.99  210.99  211.99  212.99  213.99  214.99  215.99  216.99  217.99  218.98  219.98  220.98  221.98  222.98  223.98  224.98  225.98  226.98  227.97  228.97  229.97  230.97  231.97  232.97  233.97  234.97  235.97  236.97  237.97  238.97  239.96  240.96  241.96  242.96  243.96  244.96  245.96  246.96  247.96  248.96  249.96  250.96  251.96  252.96  253.96  254.96  255.96  256.96  257.96  258.96  259.96  260.96  261.96  262.96  263.96  264.96  265.96  266.96  267.96  268.96  269.96  270.96  271.96  272.97  273.97  274.97  275.97  276.97  277.97  278.97  279.97  280.97  281.97  282.97  283.97  284.98  285.98  286.98  287.98  288.98  289.98  290.98  291.98  292.98  293.99  294.99  295.99  296.99  297.99  298.99  299.99  300.99  301.99  303.00  304.00  305.00  306.00
  208.00  209.00  210.00  211.00  211.99  212.99  213.99  214.99  215.99  216.99  217.99  218.99  219.99  220.98  221.98  222.98  223.98  224.98  225.98  226.98  227.98  228.98  229.97  230.97  231.97  232.97  233.97  234.97  235.97  236.97  237.97  238.97  239.97  240.97  241.96  242.96  243.96  244.96  245.96  246.96  247.96  248.96  249.96  250.96  251.96  252.96  253.96  254.96  255.96  256.96  257.96  258.96  259.96  260.96  261.96  262.96  263.96  264.96  265.96  266.96  267.96  268.96  269.96  270.96  271.96  272.96  273.96  274.97  275.97  276.97  277.97  278.97  279.97  280.97  281.97  282.97  283.97  284.97  285.97  286.98  287.98  288.98  289.98  290.98  291.98  292.98  293.98  294.98  295.99  296.99  297.99  298.99  299.99  300.99  301.99  302.99  303.99  305.00  306.00  307.00  308.00
  210.00  211.00  212.00  213.00  213.99  214.99  215.99  216.99  217.99  218.99  219.99  220.99  221.99  222.98  223.98  224.98  225.98  226.98  227.98  228.98  229.98  230.98  231.97  232.97  233.97  234.97  235.97  236.97  237.97  238.97  239.97  240.97  241.97  242.97  243.96  244.96  245.96  246.96  247.96  248.96  249.96  250.96  251.96  252.96  253.96  254.96  255.96  256.96  257.96  258.96  259.96  260.96  261.96  262.96  263.96  264.96  265.96  266.96  267.96  268.96  269.96  270.96  271.96  272.96  273.96  274.96  275.96  276.97  277.97  278.97  279.97  280.97  281.97  282.97  283.97  284.97  285.97  286.97  287.97  288.98  289.98  290.98  291.98  292.98  293.98  294.98  295.98  296.98  297.99  298.99  299.99  300.99  301.99  302.99  303.99  304.99  305.99  307.00  308.00  309.00  310.00
  212.00  213.00  214.00  215.00  216.00  216.99  217.99  218.99  219.99  220.99  221.99  222.99  223.99  224.98  225.98  226.98  227.98  228.98  229.98  230.98  231.98  232.98  233.97  234.97  235.97  236.97  237.97  238.97  239.97  240.97  241.97  242.97  243.97  244.97  245.97  246.96  247.96  248.96  249.96  250.96  251.96  252.96  253.96  254.96  255.96  256.96  257.96  258.96  259.96  260.96  261.96  262.96  263.96  264.96  265.96  266.96  267.96  268.96  269.96  270.96  271.96  272.96  273.96  274.96  275.96  276.96  277.97  278.97  279.97  280.97  281.97  282.97  283.97  284.97  285.97  286.97  287.97  288.97  289.97  290.98  291.98  292.98  293.98  294.98  295.98  296.98  297.98  298.98  299.99  300.99  301.99  302.99  303.99  304.99  305.99  306.99  308.00  309.00  310.00  311.00  312.00
  214.00  215.00  216.00  217.00  218.00  218.99  219.99  220.99  221.99  222.99  223.99  224.99  225.99  226.98  227.98  228.98  229.98  230.98  231.98  232.98  233.98  234.98  235.97  236.97  237.97  238.97  239.97  240.97  241.97  242.97  243.97  244.97  245.97  246.97  247.97  248.96  249.96  250.96  251.96  252.96  253.96  254.96  255.96  256.96  257.96  258.96  259.96  260.96  261.96  262.96  263.96  264.96  265.96  266.96  267.96  268.96  269.96  270.96  271.96  272.96  273.96  274.96  275.96  276.96  277.96  278.96  279.97  280.97  281.97  282.97  283.97  284.97  285.97  286.97  287.97  288.97  289.97  290.97  291.97  292.98  293.98  294.98  295.98  296.98  297.98  298.98  299.98  300.98  301.99  302.99  303.99  304.99  305.99  306.99  307.99  308.99  310.00  311.00  312.00  313.00  314.00
  216.00  217.00  218.00  219.00  220.00  220.99  221.99  222.99  223.99  224.99  225.99  226.99  227.99  228.98  229.98  230.98  231.98  232.98  233.98  234.98  235.98  236.98  237.97  238.97  239.97  240.97  241.97  242.97  243.97  244.97  245.97  246.97  247.97  248.97  249.97  250.97  251.96  252.96  253.96  254.96  255.96  256.96  257.96  258.96  259.96  260.96  261.96  262.96  263.96  264.96  265.96  266.96  267.96  268.96  269.96  270.96  271.96  272.96  273.96  274.96  275.96  276.96  277.96  278.96  279.96  280.97  281.97  282.97  283.97  284.97  285.97  286.97  287.97  288.97  289.97  290.97  291.97  292.97  293.97  294.98  295.98  296.98  297.98  298.98  299.98  300.98  301.98  302.98  303.99  304.99  305.99  306.99  307.99  308.99  309.99  310.99  312.00  313.00  314.00  315.00  316.00
  218.00  219.00  220.00  221.00  222.00  222.99  223.99  224.99  225.99  226.99  227.99  228.99  229.99  230.98  231.98  232.98  233.98  234.98  235.98  236.98  237.98  238.98  239.98  240.97  241.97  242.97  243.97  244.97  245.97  246.97  247.97  248.97  249.97  250.97  251.97  252.97  253.96  254.96  255.96  256.96  257.96  258.96  259.96  260.96  261.96  262.96  263.96  264.96  265.96  266.96  267.96  268.96  269.96  270.96  271.96  272.96  273.96  274.96  275.96  276.96  277.96  278.96  279.96  280.96  281.96  282.97  283.97  284.97  285.97  286.97  287.97  288.97  289.97  290.97  291.97  292.97  293.97  294.97  295.98  296.98  297.98  298.98  299.98  300.98  301.98  302.98  303.98  304.98  305.99  306.99  307.99  308.99  309.99  310.99  311.99  312.99  314.00  315.00  316.00  317.00  318.00
  220.00  221.00  222.00  223.00  224.00  224.99  225.99  226.99  227.99  228.99  229.99  230.99  231.99  232.98  233.98  234.98  235.98  236.98  237.98  238.98  239.98  240.98  241.98  242.97  243.97  244.97  245.97  246.97  247.97  248.97  249.97  250.97  251.97  252.97  253.97  254.97  255.97  256.96  257.96  258.96  259.96  260.96  261.96  262.96  263.96  264.96  265.96  266.96  267.96  268.96  269.96  270.96  271.96  272.96  273.96  274.96  275.96  276.96  277.96  278.96  279.96  280.96  281.96  282.96  283.97  284.97  285.97  286.97  287.97  288.97  289.97  290.97  291.97  292.97  293.97  294.97  295.97  296.97  297.98  298.98  299.98  300.98  301.98  302.98  303.98  304.98  305.98  306.98  307.99  308.99  309.99  310.99  311.99  312.99  313.99  314.99  316.00  317.00  318.00  319.00  320.00
  222.00  223.00  224.00  225.00  226.00  226.99  227.99  228.99  229.99  230.99  231.99  232.99  233.99  234.98  235.98  236.98  237.98  238.98  239.98  240.98  241.98  242.98  243.98  244.97  245.97  246.97  247.97  248.97  249.97  250.97  251.97  252.97  253.97  254.97  255.97  256.97  257.97  258.97  259.96  260.96  261.96  262.96  263.96  264.96  265.96  266.96  267.96  268.96  269.96  270.96  271.96  272.96  273.96  274.96  275.96  276.96  277.96  278.96  279.96  280.96  281.96  282.96  283.96  284.97  285.97  286.97  287.97  288.97  289.97  290.97  291.97  292.97  293.97  294.97  295.97  296.97  297.97  298.97  299.98  300.98  301.98  302.98  303.98  304.98  305.98  306.98  307.98  308.98  309.99  310.99  311.99  312.99  313.99  314.99  315.99  316.99  318.00  319.00  320.00  321.00  322.00
  224.00  225.00  226.00  227.00  228.00  228.99  229.99  230.99  231.99  232.99  233.99  234.99  235.99  236.99  237.98  238.98  239.98  240.98  241.98  242.98  243.98  244.98  245.98  246.98  247.97  248.97  249.97  250.97  251.97  252.97  253.97  254.97  255.97  256.97  257.97  258.97  259.97  260.97  261.96  262.96  263.96  264.96  265.96  266.96  267.96  268.96  269.96  270.96  271.96  272.96  273.96  274.96  275.96  276.96  277.96  278.96  279.96  280.96  281.96  282.96  283.96  284.96  285.96  286.97  287.97  288.97  289.97  290.97  291.97  292.97  293.97  294.97  295.97  296.97  297.97  298.97  299.97  300.98  301.98  302.98  303.98  304.98  305.98  306.98  307.98  308.98  309.98  310.99  311.99  312.99  313.99  314.99  315.99  316.99  317.99  318.99  320.00  321.00  322.00  323.00  324.00
  226.00  227.00  228.00  229.00  230.00  230.99  231.99  232.99  233.99  234.99  235.99  236.99  237.99  238.99  239.98  240.98  241.98  242.98  243.98  244.98  245.98  246.98  247.98  248.98  249.97  250.97  251.97  252.97  253.97  254.97  255.97  256.97  257.97  258.97  259.97  260.97  261.97  262.97  263.97  264.97  265.96  266.96  267.96  268.96  269.96  270.96  271.96  272.96  273.96  274.96  275.96  276.96  277.96  278.96  279.96  280.96  281.96  282.96  283.96  284.96  285.96  286.97  287.97  288.97  289.97  290.97  291.97  292.97  293.97  294.97  295.97  296.97  297.97  298.97  299.97  300.97  301.97  302.98  303.98  304.98  305.98  306.98  307.98  308.98  309.98  310.98  311.98  312.99  313.99  314.99  315.99  316.99  317.99  318.99  319.99  320.99  322.00  323.00  324.00  325.00  326.00
  228.00  229.00  230.00  231.00  232.00  232.99  233.99  234.99  235.99  236.99  237.99  238.99  239.99  240.99  241.98  242.98  243.98  244.98  245.98  246.98  247.98  248.98  249.98  250.98  251.97  252.97  253.97  254.97  255.97  256.97  257.97  258.97  259.97  260.97  261.97  262.97  263.97  264.97  265.97  266.97  267.97  268.96  269.96  270.96  271.96  272.96  273.96  274.96  275.96  276.96  277.96  278.96  279.96  280.96  281.96  282.96  283.96  284.96  285.96  286.96  287.97  288.97  289.97  290.97  291.97  292.97  293.97  294.97  295.97  296.97  297.97  298.97  299.97  300.97  301.97  302.97  303.97  304.98  305.98  306.98  307.98  308.98  309.98  310.98  311.98  312.98  313.98  314.99  315.99  316.99  317.99  318.99  319.99  320.99  321.99  322.99  324.00  325.00  326.00  327.00  328.00
  230.00  231.00  232.00  233.00  234.00  234.99  235.99  236.99  237.99  238.99  239.99  240.99  241.99  242.99  243.98  244.98  245.98  246.98  247.98  248.98  249.98  250.98  251.98  252.98  253.98  254.97  255.97  256.97  257.97  258.97  259.97  260.97  261.97  262.97  263.97  264.97  265.97  266.97  267.97  268.97  269.97  270.97  271.97  272.96  273.96  274.96  275.96  276.96  277.96  278.96  279.96  280.96  281.96  282.96  283.96  284.96  285.96  286.96  287.97  288.97  289.97  290.97  291.97  292.97  293.97  294.97  295.97  296.97  297.97  298.97  299.97  300.97  301.97  302.97  303.97  304.97  305.98  306.98  307.98  308.98  309.98  310.98  311.98  312.98  313.98  314.98  315.98  316.99  317.99  318.99  319.99  320.99  321.99  322.99  323.99  324.99  326.00  327.00  328.00  329.00  330.00
  232.00  233.00  234.00  235.00  236.00  236.99  237.99  238.99  239.99  240.99  241.99  242.99  243.99  244.99  245.98  246.98  247.98  248.98  249.98  250.98  251.98  252.98  253.98  254.98  255.98  256.97  257.97  258.97  259.97  260.97  261.97  262.97  263.97  264.97  265.97  266.97  267.97  268.97  269.97  270.97  271.97  272.97  273.97  274.97  275.97  276.96  277.96  278.96  279.96  280.96  281.96  282.96  283.96  284.96  285.96  286.96  287.97  288.97  289.97  290.97  291.97  292.97  293.97  294.97  295.97  296.97  297.97  298.97  299.97  300.97  301.97  302.97  303.97  304.97  305.97  306.97  307.98  308.98  309.98  310.98  311.98  312.98  313.98  314.98  315.98  316.98  317.98  318.99  319.99  320.99  321.99  322.99  323.99  324.99  325.99  326.99  328.00  329.00  330.00  331.00  332.00
  234.00  235.00  236.00  237.00  238.00  238.99  239.99  240.99  241.99  242.99  243.99  244.99  245.99  246.99  247.99  248.98  249.98  250.98  251.98  252.98  253.98  254.98  255.98  256.98  257.98  258.98  259.97  260.97  261.97  262.97  263.97  264.97  265.97  266.97  267.97  268.97  269.97  270.97  271.97  272.97  273.97  274.97  275.97  276.97  277.97  278.97  279.97  280.97  281.97  282.97  283.97  284.97  285.97  286.97  287.97  288.97  289.97  290.97  291.97  292.97  293.97  294.97  295.97  296.97  297.97  298.97  299.97  300.97  301.97  302.97  303.97  304.97  305.97  306.97  307.97  308.98  309.98  310.98  311.98  312.98  313.98  314.98  315.98  316.98  317.98  318.98  319.99  320.99  321.99  322.99  323.99  324.99  325.99  326.99  327.99  328.99  330.00  331.00  332.00  333.00  334.00
  236.00  237.00  238.00  239.00  240.00  240.99  241.99  242.99  243.99  244.99  245.99  246.99  247.99  248.99  249.99  250.98  251.98  252.98  253.98  254.98  255.98  256.98  257.98  258.98  259.98  260.98  261.98  262.97  263.97  264.97  265.97  266.97  267.97  268.97  269.97  270.97  271.97  272.97  273.97  274.97  275.97  276.97  277.97  278.97  279.97  280.97  281.97  282.97  283.97  284.97  285.97  286.97  287.97  288.97  289.97  290.97  291.97  292.97  293.97  294.97  295.97  296.97  297.97  298.97  299.97  300.97  301.97  302.97  303.97  304.97  305.97  306.97  307.97  308.97  309.98  310.98  311.98  312.98  313.98  314.98  315.98  316.98  317.98  318.98  319.98  320.98  321.99  322.99  323.99  324.99  325.99  326.99  327.99  328.99  329.99  330.99  332.00  333.00  334.00  335.00  336.00
  238.00  239.00  240.00  241.00  242.00  242.99  243.99  244.99  245.99  246.99  247.99  248.99  249.99  250.99  251.99  252.98  253.98  254.98  255.98  256.98  257.98  258.98  259.98  260.98  261.98  262.98  263.98  264.97  265.97  266.97  267.97  268.97  269.97  270.97  271.97  272.97  273.97  274.97  275.97  276.97  277.97  278.97  279.97  280.97  281.97  282.97  283.97  284.97  285.97  286.97  287.97  288.97  289.97  290.97  291.97  292.97  293.97  294.97  295.97  296.97  297.97  298.97  299.97  300.97  301.97  302.97  303.97  304.97  305.97  306.97  307.97  308.97  309.97  310.97  311.98  312.98  313.98  314.98  315.98  316.98  317.98  318.98  319.98  320.98  321.98  322.98  323.99  324.99  325.99  326.99  327.99  328.99  329.99  330.99  331.99  332.99  334.00  335.00  336.00  337.00  338.00
  240.00  241.00  242.00  243.00  244.00  244.99  245.99  246.99  247.99  248.99  249.99  250.99  251.99  252.99  253.99  254.99  255.98  256.98  257.98  258.98  259.98  260.98  261.98  262.98  263.98  264.98  265.98  266.98  267.97  268.97  269.97  270.97  271.97  272.97  273.97  274.97  275.97  276.97  277.97  278.97  279.97  280.97  281.97  282.97  283.97  284.97  285.97  286.97  287.97  288.97  289.97  290.97  291.97  292.97  293.97  294.97  295.97  296.97  297.97  298.97  299.97  300.97  301.97  302.97  303.97  304.97  305.97  306.97  307.97  308.97  309.97  310.97  311.97  312.98  313.98  314.98  315.98  316.98  317.98  318.98  319.98  320.98  321.98  322.98  323.98  324.99  325.99  326.99  327.99  328.99  329.99  330.99  331.99  332.99  333.99  334.99  336.00  337.00  338.00  339.00  340.00
  242.00  243.00  244.00  245.00  246.00  246.99  247.99  248.99  249.99  250.99  251.99  252.99  253.99  254.99  255.99  256.99  257.98  258.98  259.98  260.98  261.98  262.98  263.98  264.98  265.98  266.98  267.98  268.98  269.98  270.97  271.97  272.97  273.97  274.97  275.97  276.97  277.97  278.97  279.97  280.97  281.97  282.97  283.97  284.97  285.97  286.97  287.97  288.97  289.97  290.97  291.97  292.97  293.97  294.97  295.97  296.97  297.97  298.97  299.97  300.97  301.97  302.97  303.97  304.97  305.97  306.97  307.97  308.97  309.97  310.97  311.97  312.97  313.98  314.98  315.98  316.98  317.98  318.98  319.98  320.98  321.98  322.98  323.98  324.98  325.98  326.99  327.99  328.99  329.99  330.99  331.99  332.99  333.99  334.99  335.99  336.99  338.00  339.00  340.00  341.00  342.00
  244.00  245.00  246.00  247.00  248.00  249.00  249.99  250.99  251.99  252.99  253.99  254.99  255.99  256.99  257.99  258.99  259.98  260.98  261.98  262.98  263.98  264.98  265.98  266.98  267.98  268.98  269.98  270.98  271.98  272.98  273.97  274.97  275.97  276.97  277.97  278.97  279.97  280.97  281.97  282.97  283.97  284.97  285.97  286.97  287.97  288.97  289.97  290.97  291.97  292.97  293.97  294.97  295.97  296.97  297.97  298.97  299.97  300.97  301.97  302.97  303.97  304.97  305.97  306.97  307.97  308.97  309.97  310.97  311.97  312.97  313.97  314.98  315.98  316.98  317.98  318.98  319.98  320.98  321.98  322.98  323.98  324.98  325.98  326.98  327.98  328.99  329.99  330.99  331.99  332.99  333.99  334.99  335.99  336.99  337.99  339.00  340.00  341.00  342.00  343.00  344.00
  246.00  247.00  248.00  249.00  250.00  251.00  251.99  252.99  253.99  254.99  255.99  256.99  257.99  258.99  259.99  260.99  261.99  262.98  263.98  264.98  265.98  266.98  267.98  268.98  269.98  270.98  271.98  272.98  273.98  274.98  275.98  276.97  277.97  278.97  279.97  280.97  281.97  282.97  283.97  284.97  285.97  286.97  287.97  288.97  289.97  290.97  291.97  292.97  293.97  294.97  295.97  296.97  297.97  298.97  299.97  300.97  301.97  302.97  303.97  304.97  305.97  306.97  307.97  308.97  309.97  310.97  311.97  312.97  313.97  314.97  315.98  316.98  317.98  318.98  319.98  320.98  321.98  322.98  323.98  324.98  325.98  326.98  327.98  328.98  329.99  330.99  331.99  332.99  333.99  334.99  335.99  336.99  337.99  338.99  339.99  341.00  342.00  343.00  344.00  345.00  346.00
  248.00  249.00  250.00  251.00  252.00  253.00  253.99  254.99  255.99  256.99  257.99  258.99  259.99  260.99  261.99  262.99  263.99  264.98  265.98  266.98  267.98  268.98  269.98  270.98  271.98  272.98  273.98  274.98  275.98  276.98  277.98  278.98  279.98  280.97  281.97  282.97  283.97  284.97  285.97  286.97  287.97  288.97  289.97  290.97  291.97  292.97  293.97  294.97  295.97  296.97  297.97  298.97  299.97  300.97  301.97  302.97  303.97  304.97  305.97  306.97  307.97  308.97  309.97  310.97  311.97  312.97  313.97  314.97  315.98  316.98  317.98  318.98  319.98  320.98  321.98  322.98  323.98  324.98  325.98  326.98  327.98  328.98  329.98  330.98  331.99  332.99  333.99  334.99  335.99  336.99  337.99  338.99  339.99  340.99  341.99  343.00  344.00  345.00  346.00  347.00  348.00
  250.00  251.00  252.00  253.00  254.00  255.00  255.99  256.99  257.99  258.99  259.99  260.99  261.99  262.99  263.99  264.99  265.99  266.99  267.98  268.98  269.98  270.98  271.98  272.98  273.98  274.98  275.98  276.98  277.98  278.98  279.98  280.98  281.98  282.98  283.97  284.97  285.97  286.97  287.97  288.97  289.97  290.97  291.97  292.97  293.97  294.97  295.97  296.97  297.97  298.97  299.97  300.97  301.97  302.97  303.97  304.97  305.97  306.97  307.97  308.97  309.97  310.97  311.97  312.97  313.97  314.97  315.97  316.98  317.98  318.98  319.98  320.98  321.98  322.98  323.98  324.98  325.98  326.98  327.98  328.98  329.98  330.98  331.98  332.99  333.99  334.99  335.99  336.99  337.99  338.99  339.99  340.99  341.99  342.99  343.99  345.00  346.00  347.00  348.00  349.00  350.00
  252.00  253.00  254.00  255.00  256.00  257.00  257.99  258.99  259.99  260.99  261.99  262.99  263.99  264.99  265.99  266.99  267.99  268.99  269.99  270.98  271.98  272.98  273.98  274.98  275.98  276.98  277.98  278.98  279.98  280.98  281.98  282.98  283.98  284.98  285.98  286.98  287.97  288.97  289.97  290.97  291.97  292.97  293.97  294.97  295.97  296.97  297.97  298.97  299.97  300.97  301.97  302.97  303.97  304.97  305.97  306.97  307.97  308.97  309.97  310.97  311.97  312.97  313.97  314.97  315.97  316.98  317.98  318.98  319.98  320.98  321.98  322.98  323.98  324.98  325.98  326.98  327.98  328.98  329.98  330.98  331.98  332.98  333.99  334.99  335.99  336.99  337.99  338.99  339.99  340.99  341.99  342.99  343.99  344.99  345.99  347.00  348.00  349.00  350.00  351.00  352.00
  254.00  255.00  256.00  257.00  258.00  259.00  259.99  260.99  261.99  262.99  263.99  264.99  265.99  266.99  267.99  268.99  269.99  270.99  271.99  272.98  273.98  274.98  275.98  276.98  277.98  278.98  279.98  280.98  281.98  282.98  283.98  284.98  285.98  286.98  287.98  288.98  289.98  290.98  291.98  292.97  293.97  294.97  295.97  296.97  297.97  298.97  299.97  300.97  301.97  302.97  303.97  304.97  305.97  306.97  307.97  308.97  309.97  310.97  311.97  312.97  313.97  314.97  315.98  316.98  317.98  318.98  319.98  320.98  321.98  322.98  323.98  324.98  325.98  326.98  327.98  328.98  329.98  330.98  331.98  332.98  333.98  334.98  335.99  336.99  337.99  338.99  339.99  340.99  341.99  342.99  343.99  344.99  345.99  346.99  347.99  349.00  350.00  351.00  352.00  353.00  354.00
  256.00  257.00  258.00  259.00  260.00  261.00  262.00  262.99  263.99  264.99  265.99  266.99  267.99  268.99  269.99  270.99  271.99  272.99  273.99  274.99  275.98  276.98  277.98  278.98  279.98  280.98  281.98  282.98  283.98  284.98  285.98  286.98  287.98  288.98  289.98  290.98  291.98  292.98  293.98  294.98  295.98  296.98  297.97  298.97  299.97  300.97  301.97  302.97  303.97  304.97  305.97  306.97  307.97  308.97  309.97  310.97  311.97  312.97  313.97  314.98  315.98  316.98  317.98  318.98  319.98  320.98  321.98  322.98  323.98  324.98  325.98  326.98  327.98  328.98  329.98  330.98  331.98  332.98  333.98  334.98  335.98  336.99  337.99  338.99  339.99  340.99  341.99  342.99  343.99  344.99  345.99  346.99  347.99  348.99  350.00  351.00  352.00  353.00  354.00  355.00  356.00
  258.00  259.00  260.00  261.00  262.00  263.00  264.00  264.99  265.99  266.99  267.99  268.99  269.99  270.99  271.99  272.99  273.99  274.99  275.99  276.99  277.99  278.98  279.98  280.98  281.98  282.98  283.98  284.98  285.98  286.98  287.98  288.98  289.98  290.98  291.98  292.98  293.98  294.98  295.98  296.98  297.98  298.98  299.98  300.98  301.98  302.98  303.98  304.98  305.98  306.98  307.98  308.98  309.98  310.98  311.98  312.98  313.98  314.98  315.98  316.98  317.98  318.98  319.98  320.98  321.98  322.98  323.98  324.98  325.98  326.98  327.98  328.98  329.98  330.98  331.98  332.98  333.98  334.98  335.98  336.98  337.99  338.99  339.99  340.99  341.99  342.99  343.99  344.99  345.99  346.99  347.99  348.99  349.99  350.99  352.00  353.00  354.00  355.00  356.00  357.00  358.00
  260.00  261.00  262.00  263.00  264.00  265.00  266.00  266.99  267.99  268.99  269.99  270.99  271.99  272.99  273.99  274.99  275.99  276.99  277.99  278.99  279.99  280.99  281.98  282.98  283.98  284.98  285.98  286.98  287.98  288.98  289.98  290.98  291.98  292.98  293.98  294.98  295.98  296.98  297.98  298.98  299.98  300.98  301.98  302.98  303.98  304.98  305.98  306.98  307.98  308.98  309.98  310.98  311.98  312.98  313.98  314.98  315.98  316.98  317.98  318.98  319.98  320.98  321.98  322.98  323.98  324.98  325.98  326.98  327.98  328.98  329.98  330.98  331.98  332.98  333.98  334.98  335.98  336.98  337.98  338.99  339.99  340.99  341.99  342.99  343.99  344.99  345.99  346.99  347.99  348.99  349.99  350.99  351.99  352.99  354.00  355.00  356.00  357.00  358.00  359.00  360.00
  262.00  263.00  264.00  265.00  266.00  267.00  268.00  269.00  269.99  270.99  271.99  272.99  273.99  274.99  275.99  276.99  277.99  278.99  279.99  280.99  281.99  282.99  283.99  284.98  285.98  286.98  287.98  288.98  289.98  290.98  291.98  292.98  293.98  294.98  295.98  296.98  297.98  298.98  299.98  300.98  301.98  302.98  303.98  304.98  305.98  306.98  307.98  308.98  309.98  310.98  311.98  312.98  313.98  314.98  315.98  316.98  317.98  318.98  319.98  320.98  321.98  322.98  323.98  324.98  325.98  326.98  327.98  328.98  329.98  330.98  331.98  332.98  333.98  334.98  335.98  336.98  337.98  338.98  339.99  340.99  341.99  342.99  343.99  344.99  345.99  346.99  347.99  348.99  349.99  350.99  351.99  352.99  353.99  355.00  356.00  357.00  358.00  359.00  360.00  361.00  362.00
  264.00  265.00  266.00  267.00  268.00  269.00  270.00  271.00  271.99  272.99  273.99  274.99  275.99  276.99  277.99  278.99  279.99  280.99  281.99  282.99  283.99  284.99  285.99  286.99  287.99  288.98  289.98  290.98  291.98  292.98  293.98  294.98  295.98  296.98  297.98  298.98  299.98  300.98  301.98  302.98  303.98  304.98  305.98  306.98  307.98  308.98  309.98  310.98  311.98  312.98  313.98  314.98  315.98  316.98  317.98  318.98  319.98  320.98  321.98  322.98  323.98  324.98  325.98  326.98  327.98  328.98  329.98  330.98  331.98  332.98  333.98  334.98  335.98  336.98  337.98  338.98  339.99  340.99  341.99  342.99  343.99  344.99  345.99  346.99  347.99  348.99  349.99  350.99  351.99  352.99  353.99  354.99  355.99  357.00  358.00  359.00  360.00  361.00  362.00  363.00  364.00
  266.00  267.00  268.00  269.00  270.00  271.00  272.00  273.00  273.99  274.99  275.99  276.99  277.99  278.99  279.99  280.99  281.99  282.99  283.99  284.99  285.99  286.99  287.99  288.99  289.99  290.99  291.98  292.98  293.98  294.98  295.98  296.98  297.98  298.98  299.98  300.98  301.98  302.98  303.98  304.98  305.98  306.98  307.98  308.98  309.98  310.98  311.98  312.98  313.98  314.98  315.98  316.98  317.98  318.98  319.98  320.98  321.98  322.98  323.98  324.98  325.98  326.98  327.98  328.98  329.98  330.98  331.98  332.98  333.98  334.98  335.98  336.98  337.98  338.98  339.98  340.99  341.99  342.99  343.99  344.99  345.99  346.99  347.99  348.99  349.99  350.99  351.99  352.99  353.99  354.99  355.99  356.99  357.99  359.00  360.00  361.00  362.00  363.00  364.00  365.00  366.00
  268.00  269.00  270.00  271.00  272.00  273.00  274.00  275.00  276.00  276.99  277.99  278.99  279.99  280.99  281.99  282.99  283.99  284.99  285.99  286.99  287.99  288.99  289.99  290.99  291.99  292.99  293.99  294.99  295.98  296.98  297.98  298.98  299.98  300.98  301.98  302.98  303.98  304.98  305.98  306.98  307.98  308.98  309.98  310.98  311.98  312.98  313.98  314.98  315.98  316.98  317.98  318.98  319.98  320.98  321.98  322.98  323.98  324.98  325.98  326.98  327.98  328.98  329.98  330.98  331.98  332.98  333.98  334.98  335.98  336.98  337.98  338.98  339.98  340.99  341.99  342.99  343.99  344.99  345.99  346.99  347.99  348.99  349.99  350.99  351.99  352.99  353.99  354.99  355.99  356.99  357.99  358.99  360.00  361.00  362.00  363.00  364.00  365.00  366.00  367.00  368.00
  270.00  271.00  272.00  273.00  274.00  275.00  276.00  277.00  278.00  278.99  279.99  280.99  281.99  282.99  283.99  284.99  285.99  286.99  287.99  288.99  289.99  290.99  291.99  292.99  293.99  294.99  295.99  296.99  297.99  298.99  299.99  300.98  301.98  302.98  303.98  304.98  305.98  306.98  307.98  308.98  309.98  310.98  311.98  312.98  313.98  314.98  315.98  316.98  317.98  318.98  319.98  320.98  321.98  322.98  323.98  324.98  325.98  326.98  327.98  328.98  329.98  330.98  331.98  332.98  333.98  334.98  335.98  336.98  337.98  338.98  339.99  340.99  341.99  342.99  343.99  344.99  345.99  346.99  347.99  348.99  349.99  350.99  351.99  352.99  353.99  354.99  355.99  356.99  357.99  358.99  359.99  360.99  362.00  363.00  364.00  365.00  366.00  367.00  368.00  369.00  370.00
  272.00  273.00  274.00  275.00  276.00  277.00  278.00  279.00  280.00  281.00  281.99  282.99  283.99  284.99  285.99  286.99  287.99  288.99  289.99  290.99  291.99  292.99  293.99  294.99  295.99  296.99  297.99  298.99  299.99  300.99  301.99  302.99  303.99  304.99  305.98  306.98  307.98  308.98  309.98  310.98  311.98  312.98  313.98  314.98  315.98  316.98  317.98  318.98  319.98  320.98  321.98  322.98  323.98  324.98  325.98  326.98  327.98  328.98  329.98  330.98  331.98  332.98  333.98  334.98  335.98  336.98  337.98  338.99  339.99  340.99  341.99  342.99  343.99  344.99  345.99  346.99  347.99  348.99  349.99  350.99  351.99  352.99  353.99  354.99  355.99  356.99  357.99  358.99  359.99  360.99  361.99  363.00  364.00  365.00  366.00  367.00  368.00  369.00  370.00  371.00  372.00
  274.00  275.00  276.00  277.00  278.00  279.00  280.00  281.00  282.00  283.00  284.00  284.99  285.99  286.99  287.99  288.99  289.99  290.99  291.99  292.99  293.99  294.99  295.99  296.99  297.99  298.99  299.99  300.99  301.99  302.99  303.99  304.99  305.99  306.99  307.99  308.99  309.99  310.99  311.99  312.98  313.98  314.98  315.98  316.98  317.98  318.98  319.98  320.98  321.98  322.98  323.98  324.98  325.98  326.98  327.98  328.98  329.98  330.98  331.98  332.98  333.98  334.98  335.99  336.99  337.99  338.99  339.99  340.99  341.99  342.99  343.99  344.99  345.99  346.99  347.99  348.99  349.99  350.99  351.99  352.99  353.99  354.99  355.99  356.99  357.99  358.99  359.99  360.99  361.99  362.99  364.00  365.00  366.00  367.00  368.00  369.00  370.00  371.00  372.00  373.00  374.00
  276.00  277.00  278.00  279.00  280.00  281.00  282.00  283.00  284.00  285.00  286.00  286.99  287.99  288.99  289.99  290.99  291.99  292.99  293.99  294.99  295.99  296.99  297.99  298.99  299.99  300.99  301.99  302.99  303.99  304.99  305.99  306.99  307.99  308.99  309.99  310.99  311.99  312.99  313.99  314.99  315.99  316.99  317.99  318.99  319.99  320.99  321.99  322.99  323.99  324.99  325.99  326.99  327.99  328.99  329.99  330.99  331.99  332.99  333.99  334.99  335.99  336.99  337.99  338.99  339.99  340.99  341.99  342.99  343.99  344.99  345.99  346.99  347.99  348.99  349.99  350.99  351.99  352.99  353.99  354.99  355.99  356.99  357.99  358.99  359.99  360.99  361.99  362.99  363.99  364.99  366.00  367.00  368.00  369.00  370.00  371.00  372.00  373.00  374.00  375.00  376.00
  278.00  279.00  280.00  281.00  282.00  283.00  284.00  285.00  286.00  287.00  288.00  289.00  289.99  290.99  291.99  292.99  293.99  294.99  295.99  296.99  297.99  298.99  299.99  300.99  301.99  302.99  303.99  304.99  305.99  306.99  307.99  308.99  309.99  310.99  311.99  312.99  313.99  314.99  315.99  316.99  317.99  318.99  319.99  320.99  321.99  322.99  323.99  324.99  325.99  326.99  327.99  328.99  329.99  330.99  331.99  332.99  333.99  334.99  335.99  336.99  337.99  338.99  339.99  340.99  341.99  342.99  343.99  344.99  345.99  346.99  347.99  348.99  349.99  350.99  351.99  352.99  353.99  354.99  355.99  356.99  357.99  358.99  359.99  360.99  361.99  362.99  363.99  364.99  365.99  367.00  368.00  369.00  370.00  371.00  372.00  373.00  374.00  375.00  376.00  377.00  378.00
  280.00  281.00  282.00  283.00  284.00  285.00  286.00  287.00  288.00  289.00  290.00  291.00  292.00  293.00  293.99  294.99  295.99  296.99  297.99  298.99  299.99  300.99  301.99  302.99  303.99  304.99  305.99  306.99  307.99  308.99  309.99  310.99  311.99  312.99  313.99  314.99  315.99  316.99  317.99  318.99  319.99  320.99  321.99  322.99  323.99  324.99  325.99  326.99  327.99  328.99  329.99  330.99  331.99  332.99  333.99  334.99  335.99  336.99  337.99  338.99  339.99  340.99  341.99  342.99  343.99  344.99  345.99  346.99  347.99  348.99  349.99  350.99  351.99  352.99  353.99  354.99  355.99  356.99  357.99  358.99  359.99  360.99  361.99  362.99  363.99  364.99  365.99  367.00  368.00  369.00  370.00  371.00  372.00  373.00  374.00  375.00  376.00  377.00  378.00  379.00  380.00
  282.00  283.00  284.00  285.00  286.00  287.00  288.00  289.00  290.00  291.00  292.00  293.00  294.00  295.00  296.00  296.99  297.99  298.99  299.99  300.99  301.99  302.99  303.99  304.99  305.99  306.99  307.99  308.99  309.99  310.99  311.99  312.99  313.99  314.99  315.99  316.99  317.99  318.99  319.99  320.99  321.99  322.99  323.99  324.99  325.99  326.99  327.99  328.99  329.99  330.99  331.99  332.99  333.99  334.99  335.99  336.99  337.99  338.99  339.99  340.99  341.99  342.99  343.99  344.99  345.99  346.99  347.99  348.99  349.99  350.99  351.99  352.99  353.99  354.99  355.99  356.99  357.99  358.99  359.99  360.99  361.99  362.99  363.99  364.99  365.99  366.99  368.00  369.00  370.00  371.00  372.00  373.00  374.00  375.00  376.00  377.00  378.00  379.00  380.00  381.00  382.00
  284.00  285.00  286.00  287.00  288.00  289.00  290.00  291.00  292.00  293.00  294.00  295.00  296.00  297.00  298.00  299.00  300.00  300.99  301.99  302.99  303.99  304.99  305.99  306.99  307.99  308.99  309.99  310.99  311.99  312.99  313.99  314.99  315.99  316.99  317.99  318.99  319.99  320.99  321.99  322.99  323.99  324.99  325.99  326.99  327.99  328.99  329.99  330.99  331.99  332.99  333.99  334.99  335.99  336.99  337.99  338.99  339.99  340.99  341.99  342.99  343.99  344.99  345.99  346.99  347.99  348.99  349.99  350.99  351.99  352.99  353.99  354.99  355.99  356.99  357.99  358.99  359.99  360.99  361.99  362.99  363.99  364.99  365.99  366.99  368.00  369.00  370.00  371.00  372.00  373.00  374.00  375.00  376.00  377.00  378.00  379.00  380.00  381.00  382.00  383.00  384.00
  286.00  287.00  288.00  289.00  290.00  291.00  292.00  293.00  294.00  295.00  296.00  297.00  298.00  299.00  300.00  301.00  302.00  303.00  304.00  305.00  305.99  306.99  307.99  308.99  309.99  310.99  311.99  312.99  313.99  314.99  315.99  316.99  317.99  318.99  319.99  320.99  321.99  322.99  323.99  324.99  325.99  326.99  327.99  328.99  329.99  330.99  331.99  332.99  333.99  334.99  335.99  336.99  337.99  338.99  339.99  340.99  341.99  342.99  343.99  344.99  345.99  346.99  347.99  348.99  349.99  350.99  351.99  352.99  353.99  354.99  355.99  356.99  357.99  358.99  359.99  360.99  361.99  362.99  363.99  364.99  365.99  367.00  368.00  369.00  370.00  371.00  372.00  373.00  374.00  375.00  376.00  377.00  378.00  379.00  380.00  381.00  382.00  383.00  384.00  385.00  386.00
  288.00  289.00  290.00  291.00  292.00  293.00  294.00  295.00  296.00  297.00  298.00  299.00  300.00  301.00  302.00  303.00  304.00  305.00  306.00  307.00  308.00  309.00  310.00  310.99  311.99  312.99  313.99  314.99  315.99  316.99  317.99  318.99  319.99  320.99  321.99  322.99  323.99  324.99  325.99  326.99  327.99  328.99  329.99  330.99  331.99  332.99  333.99  334.99  335.99  336.99  337.99  338.99  339.99  340.99  341.99  342.99  343.99  344.99  345.99  346.99  347.99  348.99  349.99  350.99  351.99  352.99  353.99  354.99  355.99  356.99  357.99  358.99  359.99  360.99  361.99  362.99  363.99  364.99  366.00  367.00  368.00  369.00  370.00  371.00  372.00  373.00  374.00  375.00  376.00  377.00  378.00  379.00  380.00  381.00  382.00  383.00  384.00  385.00  386.00  387.00  388.00
  290.00  291.00  292.00  293.00  294.00  295.00  296.00  297.00  298.00  299.00  300.00  301.00  302.00  303.00  304.00  305.00  306.00  307.00  308.00  309.00  310.00  311.00  312.00  313.00  314.00  315.00  316.00  317.00  318.00  318.99  319.99  320.99  321.99  322.99  323.99  324.99  325.99  326.99  327.99  328.99  329.99  330.99  331.99  332.99  333.99  334.99  335.99  336.99  337.99  338.99  339.99  340.99  341.99  342.99  343.99  344.99  345.99  346.99  347.99  348.99  349.99  350.99  351.99  352.99  353.99  354.99  355.99  356.99  357.99  358.99  359.99  360.99  362.00  363.00  364.00  365.00  366.00  367.00  368.00  369.00  370.00  371.00  372.00  373.00  374.00  375.00  376.00  377.00  378.00  379.00  380.00  381.00  382.00  383.00  384.00  385.00  386.00  387.00  388.00  389.00  390.00
  292.00  293.00  294.00  295.00  296.00  297.00  298.00  299.00  300.00  301.00  302.00  303.00  304.00  305.00  306.00  307.00  308.00  309.00  310.00  311.00  312.00  313.00  314.00  315.00  316.00  317.00  318.00  319.00  320.00  321.00  322.00  323.00  324.00  325.00  326.00  327.00  328.00  329.00  330.00  331.00  332.00  333.00  334.00  335.00  336.00  336.99  337.99  338.99  339.99  340.99  341.99  342.99  343.99  344.99  345.99  346.99  348.00  349.00  350.00  351.00  352.00  353.00  354.00  355.00  356.00  357.00  358.00  359.00  360.00  361.00  362.00  363.00  364.00  365.00  366.00  367.00  368.00  369.00  370.00  371.00  372.00  373.00  374.00  375.00  376.00  377.00  378.00  379.00  380.00  381.00  382.00  383.00  384.00  385.00  386.00  387.00  388.00  389.00  390.00  391.00  392.00
  294.00  295.00  296.00  297.00  298.00  299.00  300.00  301.00  302.00  303.00  304.00  305.00  306.00  307.00  308.00  309.00  310.00  311.00  312.00  313.00  314.00  315.00  316.00  317.00  318.00  319.00  320.00  321.00  322.00  323.00  324.00  325.00  326.00  327.00  328.00  329.00  330.00  331.00  332.00  333.00  334.00  335.00  336.00  337.00  338.00  339.00  340.00  341.00  342.00  343.00  344.00  345.00  346.00  347.00  348.00  349.00  350.00  351.00  352.00  353.00  354.00  355.00  356.00  357.00  358.00  359.00  360.00  361.00  362.00  363.00  364.00  365.00  366.00  367.00  368.00  369.00  370.00  371.00  372.00  373.00  374.00  375.00  376.00  377.00  378.00  379.00  380.00  381.00  382.00  383.00  384.00  385.00  386.00  387.00  388.00  389.00  390.00  391.00  392.00  393.00  394.00
  296.00  297.00  298.00  299.00  300.00  301.00  302.00  303.00  304.00  305.00  306.00  307.00  308.00  309.00  310.00  311.00  312.00  313.00  314.00  315.00  316.00  317.00  318.00  319.00  320.00  321.00  322.00  323.00  324.00  325.00  326.00  327.00  328.00  329.00  330.00  331.00  332.00  333.00  334.00  335.00  336.00  337.00  338.00  339.00  340.00  341.00  342.00  343.00  344.00  345.00  346.00  347.00  348.00  349.00  350.00  351.00  352.00  353.00  354.00  355.00  356.00  357.00  358.00  359.00  360.00  361.00  362.00  363.00  364.00  365.00  366.00  367.00  368.00  369.00  370.00  371.00  372.00  373.00  374.00  375.00  376.00  377.00  378.00  379.00  380.00  381.00  382.00  383.00  384.00  385.00  386.00  387.00  388.00  389.00  390.00  391.00  392.00  393.00  394.00  395.00  396.00
  298.00  299.00  300.00  301.00  302.00  303.00  304.00  305.00  306.00  307.00  308.00  309.00  310.00  311.00  312.00  313.00  314.00  315.00  316.00  317.00  318.00  319.00  320.00  321.00  322.00  323.00  324.00  325.00  326.00  327.00  328.00  329.00  330.00  331.00  332.00  333.00  334.00  335.00  336.00  337.00  338.00  339.00  340.00  341.00  342.00  343.00  344.00  345.00  346.00  347.00  348.00  349.00  350.00  351.00  352.00  353.00  354.00  355.00  356.00  357.00  358.00  359.00  360.00  361.00  362.00  363.00  364.00  365.00  366.00  367.00  368.00  369.00  370.00  371.00  372.00  373.00  374.00  375.00  376.00  377.00  378.00  379.00  380.00  381.00  382.00  383.00  384.00  385.00  386.00  387.00  388.00  389.00  390.00  391.00  392.00  393.00  394.00  395.00  396.00  397.00  398.00
  300.00  301.00  302.00  303.00  304.00  305.00  306.00  307.00  308.00  309.00  310.00  311.00  312.00  313.00  314.00  315.00  316.00  317.00  318.00  319.00  320.00  321.00  322.00  323.00  324.00  325.00  326.00  327.00  328.00  329.00  330.00  331.00  332.00  333.00  334.00  335.00  336.00  337.00  338.00  339.00  340.00  341.00  342.00  343.00  344.00  345.00  346.00  347.00  348.00  349.00  350.00  351.00  352.00  353.00  354.00  355.00  356.00  357.00  358.00  359.00  360.00  361.00  362.00  363.00  364.00  365.00  366.00  367.00  368.00  369.00  370.00  371.00  372.00  373.00  374.00  375.00  376.00  377.00  378.00  379.00  380.00  381.00  382.00  383.00  384.00  385.00  386.00  387.00  388.00  389.00  390.00  391.00  392.00  393.00  394.00  395.00  396.00  397.00  398.00  399.00  400.00
 Error:   9.9948827972175896E-007
 Iterations:                18662
Time = .316430 +- .000001 s