 Length:          11 Width:          11
 Boundary conditions:
   100.00000000000000        200.00000000000000     
   300.00000000000000        400.00000000000000     
 Epsilon:    9.9999999999999995E-007
 Answer: 
  100.00  110.00  120.00  130.00  140.00  150.00  160.00  170.00  180.00  190.00  200.00
  120.00  130.00  140.00  150.00  160.00  170.00  180.00  190.00  200.00  210.00  220.00
  140.00  150.00  160.00  170.00  180.00  190.00  200.00  210.00  220.00  230.00  240.00
  160.00  170.00  180.00  190.00  200.00  210.00  220.00  230.00  240.00  250.00  260.00
  180.00  190.00  200.00  210.00  220.00  230.00  240.00  250.00  260.00  270.00  280.00
  200.00  210.00  220.00  230.00  240.00  250.00  260.00  270.00  280.00  290.00  300.00
  220.00  230.00  240.00  250.00  260.00  270.00  280.00  290.00  300.00  310.00  320.00
  240.00  250.00  260.00  270.00  280.00  290.00  300.00  310.00  320.00  330.00  340.00
  260.00  270.00  280.00  290.00  300.00  310.00  320.00  330.00  340.00  350.00  360.00
  280.00  290.00  300.00  310.00  320.00  330.00  340.00  350.00  360.00  370.00  380.00
  300.00  310.00  320.00  330.00  340.00  350.00  360.00  370.00  380.00  390.00  400.00
 Error:   9.9368793915564706E-007
 Iterations:         230
Time = .001966 +- .000001 s