10
11
 0.34 0.42 0.22 0.84 0.46 0.70 0.05 0.82 0.57 0.61 0.51
 0.95 0.87 0.99 0.83 0.83 0.65 0.93 0.37 0.51 0.23 0.83
 0.79 0.94 0.60 0.94 0.08 0.87 0.74 0.36 0.17 0.01 0.37
 0.94 0.49 0.78 0.84 0.76 0.48 0.59 0.22 0.62 0.96 0.51
 0.67 0.78 0.12 0.36 0.17 0.03 0.40 0.90 0.78 0.70 0.36
 0.36 0.75 0.72 0.56 0.67 0.56 0.67 0.24 0.15 0.16 0.28
 0.90 0.56 0.86 0.99 0.64 0.84 0.75 0.86 0.40 0.73 0.55
 0.20 0.29 0.37 0.16 0.16 0.47 0.09 0.78 0.39 0.77 0.83
 0.81 0.37 0.27 0.75 0.42 0.78 0.42 0.21 0.25 0.13 0.78
 0.71 0.37 0.70 0.65 0.24 0.42 0.04 0.54 0.47 0.30 0.03
