10
10
 0.34 0.37 0.58 0.32 0.55 0.10 0.06 0.88 0.85 0.27
 0.95 0.55 0.20 0.65 0.11 0.50 0.77 0.08 0.03 0.46
 0.78 0.93 0.12 0.59 0.30 0.71 0.08 0.25 0.94 0.14
 0.23 0.38 0.81 0.85 0.13 0.96 0.24 0.10 0.45 0.67
 0.83 0.92 0.07 0.97 0.64 0.38 0.65 0.06 0.24 0.02
 0.52 0.28 0.72 0.38 0.09 0.74 0.19 0.00 0.24 0.56
 0.25 0.64 0.62 0.36 0.57 0.61 0.19 0.37 0.96 0.76
 0.71 0.29 0.89 0.33 0.13 0.16 0.22 0.43 0.66 0.51
 0.05 0.55 0.50 0.91 0.48 0.11 0.88 0.45 0.11 0.64
 0.25 0.20 0.27 0.09 0.03 0.27 0.90 0.43 0.90 0.83
